1296.60 3145.2
1296.75 3145.2
1296.90 3145.2
1297.05 3145.2
1297.20 3145.2
1297.35 3145.2
1297.50 3145.2
1297.65 3145.2
1297.80 3145.2
1297.95 3145.2
1298.10 3145.2
1298.25 3145.2
1298.40 3459.7
1298.55 3145.2
1298.70 3459.7
1298.85 3145.2
1299.00 3459.7
1299.15 3459.7
1299.30 3145.2
1299.45 3459.7
1299.60 3459.7
1299.75 3459.7
1299.90 3145.2
1300.05 3459.7
1300.20 3459.7
1300.35 3459.7
1300.50 3459.7
1300.65 3459.7
1300.80 3459.7
1300.95 3459.7
1301.10 3459.7
1301.25 3459.7
1301.40 3459.7
1301.55 3459.7
1301.70 3459.7
1301.85 3459.7
1302.00 3459.7
1302.15 3459.7
1302.30 3774.2
1302.45 3459.7
1302.60 3774.2
1302.75 3459.7
1302.90 3774.2
1303.05 3774.2
1303.20 3774.2
1303.35 3459.7
1303.50 3774.2
1303.65 3774.2
1303.80 3774.2
1303.95 3459.7
1304.10 3774.2
1304.25 3774.2
1304.40 3774.2
1304.55 3774.2
1304.70 3774.2
1304.85 3774.2
1305.00 4088.7
1305.15 3774.2
1305.30 3774.2
1305.45 3774.2
1305.60 3774.2
1305.75 3774.2
1305.90 4088.7
1306.05 3774.2
1306.20 3774.2
1306.35 4088.7
1306.50 3774.2
1306.65 3774.2
1306.80 4088.7
1306.95 4088.7
1307.10 4088.7
1307.25 4088.7
1307.40 4088.7
1307.55 4088.7
1307.70 4403.3
1307.85 4088.7
1308.00 4088.7
1308.15 4088.7
1308.30 4088.7
1308.45 4403.3
1308.60 4088.7
1308.75 4403.3
1308.90 4088.7
1309.05 4403.3
1309.20 4403.3
1309.35 4088.7
1309.50 4403.3
1309.65 4088.7
1309.80 4403.3
1309.95 4403.3
1310.10 4403.3
1310.25 4403.3
1310.40 4403.3
1310.55 4403.3
1310.70 4403.3
1310.85 4403.3
1311.00 4403.3
1311.15 4403.3
1311.30 4403.3
1311.45 4717.8
1311.60 4403.3
1311.75 4403.3
1311.90 4403.3
1312.05 4717.8
1312.20 4717.8
1312.35 4403.3
1312.50 4717.8
1312.65 4717.8
1312.80 4717.8
1312.95 4717.8
1313.10 5032.3
1313.25 4717.8
1313.40 4717.8
1313.55 5032.3
1313.70 4717.8
1313.85 4717.8
1314.00 5032.3
1314.15 4717.8
1314.30 5032.3
1314.45 5032.3
1314.60 5032.3
1314.75 4717.8
1314.90 5032.3
1315.05 5032.3
1315.20 5032.3
1315.35 5032.3
1315.50 5346.8
1315.65 5032.3
1315.80 5032.3
1315.95 5346.8
1316.10 5346.8
1316.25 5032.3
1316.40 5032.3
1316.55 5346.8
1316.70 5032.3
1316.85 5346.8
1317.00 5346.8
1317.15 5346.8
1317.30 5346.8
1317.45 5346.8
1317.60 5346.8
1317.75 5346.8
1317.90 5661.3
1318.05 5346.8
1318.20 5661.3
1318.35 5661.3
1318.50 5346.8
1318.65 5661.3
1318.80 5661.3
1318.95 5661.3
1319.10 5661.3
1319.25 5661.3
1319.40 5661.3
1319.55 5661.3
1319.70 5661.3
1319.85 5661.3
1320.00 5661.3
1320.15 5661.3
1320.30 5661.3
1320.45 5975.9
1320.60 5661.3
1320.75 5975.9
1320.90 5975.9
1321.05 5975.9
1321.20 6290.4
1321.35 5975.9
1321.50 5975.9
1321.65 5975.9
1321.80 5975.9
1321.95 5975.9
1322.10 5975.9
1322.25 5975.9
1322.40 6290.4
1322.55 6290.4
1322.70 6290.4
1322.85 6290.4
1323.00 6604.9
1323.15 6290.4
1323.30 6290.4
1323.45 6604.9
1323.60 6290.4
1323.75 6604.9
1323.90 6604.9
1324.05 6604.9
1324.20 6604.9
1324.35 6604.9
1324.50 6604.9
1324.65 6604.9
1324.80 6919.4
1324.95 6919.4
1325.10 6919.4
1325.25 6919.4
1325.40 6919.4
1325.55 6919.4
1325.70 6919.4
1325.85 7233.9
1326.00 6919.4
1326.15 6919.4
1326.30 6919.4
1326.45 6919.4
1326.60 7233.9
1326.75 7233.9
1326.90 7233.9
1327.05 7233.9
1327.20 7548.5
1327.35 7233.9
1327.50 7233.9
1327.65 7548.5
1327.80 7548.5
1327.95 7233.9
1328.10 7548.5
1328.25 7548.5
1328.40 7548.5
1328.55 7548.5
1328.70 7548.5
1328.85 7548.5
1329.00 7863.0
1329.15 7863.0
1329.30 7863.0
1329.45 7863.0
1329.60 8177.5
1329.75 7863.0
1329.90 7863.0
1330.05 8177.5
1330.20 8177.5
1330.35 7863.0
1330.50 8177.5
1330.65 8177.5
1330.80 8177.5
1330.95 8492.0
1331.10 8177.5
1331.25 8492.0
1331.40 8492.0
1331.55 8492.0
1331.70 8492.0
1331.85 8806.5
1332.00 8806.5
1332.15 8806.5
1332.30 8492.0
1332.45 8806.5
1332.60 8806.5
1332.75 8806.5
1332.90 8806.5
1333.05 8806.5
1333.20 9121.1
1333.35 8806.5
1333.50 9121.1
1333.65 9121.1
1333.80 9121.1
1333.95 9435.6
1334.10 9121.1
1334.25 9435.6
1334.40 9435.6
1334.55 9435.6
1334.70 9750.1
1334.85 9435.6
1335.00 9750.1
1335.15 9750.1
1335.30 9750.1
1335.45 9750.1
1335.60 10064.6
1335.75 10064.6
1335.90 9750.1
1336.05 10064.6
1336.20 10064.6
1336.35 10379.1
1336.50 10379.1
1336.65 10379.1
1336.80 10379.1
1336.95 10379.1
1337.10 10693.7
1337.25 10693.7
1337.40 10693.7
1337.55 10693.7
1337.70 10693.7
1337.85 10693.7
1338.00 10693.7
1338.15 10693.7
1338.30 11008.2
1338.45 11008.2
1338.60 11008.2
1338.75 11008.2
1338.90 11322.7
1339.05 11322.7
1339.20 11322.7
1339.35 11322.7
1339.50 11637.2
1339.65 11322.7
1339.80 11637.2
1339.95 11637.2
1340.10 11637.2
1340.25 11951.7
1340.40 11951.7
1340.55 11951.7
1340.70 11951.7
1340.85 11951.7
1341.00 11951.7
1341.15 12266.2
1341.30 12580.8
1341.45 12266.2
1341.60 12266.2
1341.75 12580.8
1341.90 12580.8
1342.05 12895.3
1342.20 12895.3
1342.35 12895.3
1342.50 12895.3
1342.65 13209.8
1342.80 12895.3
1342.95 13209.8
1343.10 13209.8
1343.25 13524.3
1343.40 13524.3
1343.55 13524.3
1343.70 13524.3
1343.85 13838.8
1344.00 13838.8
1344.15 13838.8
1344.30 14153.4
1344.45 13838.8
1344.60 14153.4
1344.75 14467.9
1344.90 14467.9
1345.05 14467.9
1345.20 14782.4
1345.35 14782.4
1345.50 14782.4
1345.65 14782.4
1345.80 14782.4
1345.95 15096.9
1346.10 15096.9
1346.25 15096.9
1346.40 15411.4
1346.55 15726.0
1346.70 15726.0
1346.85 15726.0
1347.00 16040.5
1347.15 15726.0
1347.30 16040.5
1347.45 16040.5
1347.60 16355.0
1347.75 16669.5
1347.90 16669.5
1348.05 16669.5
1348.20 16669.5
1348.35 16669.5
1348.50 16984.0
1348.65 16984.0
1348.80 16984.0
1348.95 17298.6
1349.10 17298.6
1349.25 17613.1
1349.40 17927.6
1349.55 17927.6
1349.70 17927.6
1349.85 17927.6
1350.00 18242.1
1350.15 18242.1
1350.30 18556.6
1350.45 18556.6
1350.60 18871.2
1350.75 18871.2
1350.90 19185.7
1351.05 19500.2
1351.20 19500.2
1351.35 19814.7
1351.50 19814.7
1351.65 19814.7
1351.80 20129.2
1351.95 20443.7
1352.10 20129.2
1352.25 20443.7
1352.40 20758.3
1352.55 20758.3
1352.70 21072.8
1352.85 21072.8
1353.00 21072.8
1353.15 21701.8
1353.30 21701.8
1353.45 21701.8
1353.60 21701.8
1353.75 22330.9
1353.90 22330.9
1354.05 22645.4
1354.20 22959.9
1354.35 22959.9
1354.50 22959.9
1354.65 22959.9
1354.80 23274.4
1354.95 23588.9
1355.10 23588.9
1355.25 24218.0
1355.40 24218.0
1355.55 24218.0
1355.70 24532.5
1355.85 24532.5
1356.00 25161.5
1356.15 25161.5
1356.30 25161.5
1356.45 25790.6
1356.60 25790.6
1356.75 26105.1
1356.90 26419.6
1357.05 26419.6
1357.20 26734.1
1357.35 26734.1
1357.50 27048.7
1357.65 27363.2
1357.80 27677.7
1357.95 27677.7
1358.10 28306.7
1358.25 28306.7
1358.40 28621.2
1358.55 28935.8
1358.70 29250.3
1358.85 29564.8
1359.00 29879.3
1359.15 29879.3
1359.30 30193.8
1359.45 30508.4
1359.60 30822.9
1359.75 31137.4
1359.90 31451.9
1360.05 31766.4
1360.20 32081.0
1360.35 32395.5
1360.50 32395.5
1360.65 33024.5
1360.80 33339.0
1360.95 33339.0
1361.10 33968.1
1361.25 34282.6
1361.40 34282.6
1361.55 34911.6
1361.70 35226.2
1361.85 35540.7
1362.00 35855.2
1362.15 36169.7
1362.30 36798.7
1362.45 36798.7
1362.60 37113.3
1362.75 37742.3
1362.90 38056.8
1363.05 38371.3
1363.20 38685.9
1363.35 39314.9
1363.50 39629.4
1363.65 40258.5
1363.80 40258.5
1363.95 40887.5
1364.10 41202.0
1364.25 41516.5
1364.40 42145.6
1364.55 42774.6
1364.70 42774.6
1364.85 43403.7
1365.00 44032.7
1365.15 44347.2
1365.30 44976.2
1365.45 45290.8
1365.60 45919.8
1365.75 46234.3
1365.90 46863.4
1366.05 47492.4
1366.20 47806.9
1366.35 48436.0
1366.50 49065.0
1366.65 49694.0
1366.80 50008.6
1366.95 50323.1
1367.10 51266.6
1367.25 51895.7
1367.40 52524.7
1367.55 52839.2
1367.70 53468.3
1367.85 54097.3
1368.00 55040.9
1368.15 55355.4
1368.30 55984.4
1368.45 56928.0
1368.60 57242.5
1368.75 58186.1
1368.90 58815.1
1369.05 59758.7
1369.20 60387.7
1369.35 61016.7
1369.50 61960.3
1369.65 62589.3
1369.80 63532.9
1369.95 63847.4
1370.10 65105.5
1370.25 65734.5
1370.40 66363.6
1370.55 67307.1
1370.70 68250.7
1370.85 69194.2
1371.00 69823.3
1371.15 70766.8
1371.30 71710.4
1371.45 72968.5
1371.60 73912.0
1371.75 74855.6
1371.90 75484.6
1372.05 76742.7
1372.20 77686.2
1372.35 78629.8
1372.50 79887.9
1372.65 80831.4
1372.80 82089.5
1372.95 83347.6
1373.10 84291.1
1373.25 85549.2
1373.40 86807.3
1373.55 88065.4
1373.70 89323.5
1373.85 90581.5
1374.00 91525.1
1374.15 93097.7
1374.30 94355.8
1374.45 95928.4
1374.60 97501.0
1374.75 99073.6
1374.90 100331.6
1375.05 101589.7
1375.20 103162.3
1375.35 104734.9
1375.50 106622.0
1375.65 108194.6
1375.80 109767.2
1375.95 111654.3
1376.10 113226.9
1376.25 115114.0
1376.40 117001.1
1376.55 118888.3
1376.70 120775.4
1376.85 122977.0
1377.00 124864.1
1377.15 126436.7
1377.30 128952.9
1377.45 131154.5
1377.60 133670.7
1377.75 135872.3
1377.90 138073.9
1378.05 140275.6
1378.20 142477.2
1378.35 145307.9
1378.50 147824.0
1378.65 150654.7
1378.80 153485.4
1378.95 155687.0
1379.10 158832.2
1379.25 161662.9
1379.40 164493.5
1379.55 167638.7
1379.70 171098.5
1379.85 174243.6
1380.00 177703.4
1380.15 180848.5
1380.30 183993.7
1380.45 187768.0
1380.60 191542.2
1380.75 195631.0
1380.90 199405.2
1381.05 203179.4
1381.20 207582.7
1381.35 211356.9
1381.50 215760.2
1381.65 220478.0
1381.80 225510.3
1381.95 230228.1
1382.10 235260.4
1382.25 239663.6
1382.40 244695.9
1382.55 250671.8
1382.70 256647.7
1382.85 262309.0
1383.00 268284.9
1383.15 273946.2
1383.30 280236.6
1383.45 285898.0
1383.60 293446.4
1383.75 300994.9
1383.90 308228.8
1384.05 315777.3
1384.20 323011.2
1384.35 330874.2
1384.50 338108.2
1384.65 347543.7
1384.80 356979.3
1384.95 366414.9
1385.10 376165.0
1385.25 385600.6
1385.40 395036.1
1385.55 404786.2
1385.70 417367.0
1385.85 429633.2
1386.00 441899.5
1386.15 454165.7
1386.30 466432.0
1386.45 479012.8
1386.60 491908.0
1386.75 508263.0
1386.90 524618.0
1387.05 541287.6
1387.20 557642.6
1387.35 573683.0
1387.50 590038.0
1387.65 608280.2
1387.80 630611.0
1387.95 652627.4
1388.10 675272.8
1388.25 697603.6
1388.40 719620.0
1388.55 741950.8
1388.70 767741.4
1388.85 798878.8
1389.00 830330.7
1389.15 861468.1
1389.30 892920.0
1389.45 924372.0
1389.60 955823.9
1389.75 993566.2
1389.90 1039171.5
1390.05 1084776.8
1390.20 1130696.6
1390.35 1176301.9
1390.50 1221907.1
1390.65 1268141.5
1390.80 1326642.0
1390.95 1396465.3
1391.10 1466603.1
1391.25 1536740.9
1391.40 1606564.1
1391.55 1676701.9
1391.70 1746525.2
1391.85 1843397.1
1392.00 1957253.1
1392.15 2071109.0
1392.30 2185279.5
1392.45 2299135.4
1392.60 2413305.9
1392.75 2527161.9
1392.90 2701405.5
1393.05 2902383.3
1393.20 3103675.6
1393.35 3304653.4
1393.50 3505631.2
1393.65 3706923.4
1393.80 3908215.7
1393.95 4171782.8
1394.10 4479697.2
1394.25 4820636.0
1394.40 5199946.2
1394.55 5622345.5
1394.70 6094753.3
1394.85 6625032.7
1395.00 7223248.3
1395.15 7900408.1
1395.30 8670665.7
1395.45 9550690.4
1395.60 10561869.7
1395.75 11730937.6
1395.90 13090604.2
1396.05 14681756.9
1396.20 16558178.5
1396.35 18789377.8
1396.50 21467508.9
1396.65 24710202.0
1396.80 28678805.4
1396.95 33594111.7
1397.10 39769696.5
1397.25 47638338.1
1397.40 57825300.9
1397.55 71255585.9
1397.70 89331005.1
1397.85 114236838.0
1398.00 149326803.1
1398.15 199927597.7
1398.30 274304786.7
1398.45 384540940.3
1398.60 543109890.5
1398.75 746818638.2
1398.90 939064418.6
1399.05 1000000000.0
1399.20 793278787.3
1399.35 486221227.8
1399.50 264116880.4
1399.65 140158568.0
1399.80 76349853.6
1399.95 43391070.7
1400.10 25791204.5
1400.25 15999592.4
1400.40 10318746.4
1400.55 6894261.2
1400.70 4746409.4
1400.85 3354976.4
1401.00 2427144.8
1401.15 1793388.6
1401.30 1349601.9
1401.45 1032566.6
1401.60 801395.0
1401.75 630296.5
1401.90 502287.2
1402.05 404157.2
1402.20 328358.1
1402.35 269543.0
1402.50 222994.1
1402.65 185566.3
1402.80 155687.0
1402.95 131783.6
1403.10 111968.8
1403.25 95928.4
1403.40 82404.0
1403.55 71081.3
1403.70 61645.8
1403.85 53782.8
1404.00 47177.9
1404.15 41516.5
1404.30 37427.8
1404.45 34282.6
1404.60 31137.4
1404.75 27992.2
1404.90 24847.0
1405.05 22016.3
1405.20 18871.2
1405.35 16984.0
1405.50 15411.4
1405.65 14467.9
1405.80 13209.8
1405.95 11637.2
1406.10 10379.1
1406.25 9435.6
1406.40 8492.0
1406.55 7863.0
1406.70 7548.5
1406.85 6919.4
1407.00 6290.4
1407.15 5661.3
1407.30 5032.3
1407.45 4717.8
1407.60 4403.3
1407.75 4088.7
1407.90 4088.7
1408.05 3459.7
1408.20 3145.2
1408.35 3145.2
1408.50 2830.7
1408.65 2516.2
1408.80 2516.2
1408.95 2516.2
1409.10 2201.6
1409.25 2201.6
1409.40 1887.1
1409.55 1887.1
1409.70 1887.1
1409.85 1572.6
1410.00 1572.6
1410.15 1572.6
1410.30 1258.1
1410.45 1258.1
1410.60 1258.1
1410.75 1258.1
1410.90 943.6
1411.05 943.6
1411.20 943.6
1411.35 629.0
1411.50 629.0
1411.65 629.0
1411.80 943.6
1411.95 629.0
1412.10 629.0
1412.25 629.0
1412.40 629.0
1412.55 629.0
1412.70 314.5
1412.85 629.0
1413.00 314.5
1413.15 314.5
1413.30 314.5
1413.45 314.5
1413.60 629.0
1413.75 629.0
1413.90 314.5
1414.05 629.0
1414.20 314.5
1414.35 314.5
1414.50 314.5
1414.65 314.5
1414.80 314.5
1414.95 314.5
1415.10 314.5
1415.25 314.5
1415.40 314.5
1415.55 314.5
1415.70 314.5
1415.85 314.5
1416.00 314.5
1416.15 0.0
1416.30 0.0
1416.45 314.5
1416.60 314.5
1416.75 314.5
1416.90 314.5
1417.05 0.0
1417.20 0.0
1417.35 314.5
1417.50 314.5
1417.65 0.0
1417.80 0.0
1417.95 314.5
1418.10 0.0
1418.25 0.0
1418.40 0.0
1418.55 314.5
1418.70 0.0
1418.85 0.0
1419.00 0.0
1419.15 314.5
1419.30 314.5
1419.45 0.0
1419.60 0.0
1419.75 314.5
1419.90 0.0
1420.05 314.5
1420.20 0.0
1420.35 0.0
1420.50 0.0
1420.65 314.5
1420.80 0.0
1420.95 314.5
1421.10 0.0
1421.25 314.5
1421.40 0.0
1421.55 314.5
1421.70 314.5
1421.85 0.0
1422.00 0.0
1422.15 0.0
1422.30 0.0
1422.45 0.0
1422.60 0.0
1422.75 0.0
1422.90 0.0
1423.05 0.0
1423.20 0.0
1423.35 0.0
1423.50 0.0
1423.65 0.0
1423.80 0.0
1423.95 0.0
1424.10 0.0
1424.25 0.0
1424.40 0.0
1424.55 0.0
1424.70 0.0
1424.85 0.0
1425.00 0.0
1425.15 0.0
1425.30 0.0
1425.45 0.0
1425.60 0.0
1425.75 0.0
1425.90 0.0
1426.05 0.0
1426.20 314.5
1426.35 0.0
1426.50 0.0
1426.65 0.0
1426.80 314.5
1426.95 0.0
1427.10 0.0
1427.25 0.0
1427.40 0.0
1427.55 0.0
1427.70 0.0
1427.85 0.0
1428.00 0.0
1428.15 0.0
1428.30 0.0
1428.45 314.5
1428.60 0.0
1428.75 0.0
1428.90 0.0
1429.05 0.0
1429.20 0.0
1429.35 0.0
1429.50 0.0
1429.65 0.0
1429.80 0.0
1429.95 0.0
1430.10 0.0
1430.25 0.0
1430.40 0.0
1430.55 314.5
1430.70 0.0
1430.85 0.0
1431.00 0.0
1431.15 0.0
1431.30 0.0
1431.45 0.0
1431.60 0.0
1431.75 0.0
1431.90 0.0
1432.05 0.0
1432.20 0.0
1432.35 0.0
1432.50 0.0
1432.65 0.0
1432.80 0.0
1432.95 0.0
1433.10 0.0
1433.25 0.0
1433.40 0.0
1433.55 0.0
1433.70 0.0
1433.85 314.5
1434.00 0.0
1434.15 0.0
1434.30 0.0
1434.45 314.5
1434.60 0.0
1434.75 0.0
1434.90 0.0
1435.05 0.0
1435.20 0.0
1435.35 0.0
1435.50 0.0
1435.65 0.0
1435.80 0.0
1435.95 0.0
1436.10 0.0
1436.25 0.0
1436.40 0.0
1436.55 0.0
1436.70 0.0
1436.85 0.0
1437.00 0.0
1437.15 0.0
1437.30 0.0
1437.45 314.5
1437.60 314.5
1437.75 314.5
1437.90 0.0
1438.05 0.0
1438.20 0.0
1438.35 0.0
1438.50 0.0
1438.65 0.0
1438.80 0.0
1438.95 0.0
1439.10 0.0
1439.25 0.0
1439.40 0.0
1439.55 0.0
1439.70 0.0
1439.85 0.0
1440.00 0.0
1440.15 0.0
1440.30 0.0
1440.45 0.0
1440.60 0.0
1440.75 0.0
1440.90 0.0
1441.05 0.0
1441.20 0.0
1441.35 0.0
1441.50 0.0
1441.65 0.0
1441.80 0.0
1441.95 0.0
1442.10 0.0
1442.25 0.0
1442.40 0.0
1442.55 0.0
1442.70 0.0
1442.85 0.0
1443.00 0.0
1443.15 0.0
1443.30 0.0
1443.45 0.0
1443.60 0.0
1443.75 0.0
1443.90 0.0
1444.05 0.0
1444.20 0.0
1444.35 0.0
1444.50 0.0
1444.65 0.0
1444.80 0.0
1444.95 0.0
1445.10 0.0
1445.25 0.0
1445.40 0.0
1445.55 0.0
1445.70 0.0
1445.85 0.0
1446.00 0.0
1446.15 0.0
1446.30 0.0
1446.45 0.0
1446.60 0.0