1296.60 2843.0
1296.75 2843.0
1296.90 3079.9
1297.05 2843.0
1297.20 3079.9
1297.35 2843.0
1297.50 3079.9
1297.65 2843.0
1297.80 2843.0
1297.95 3079.9
1298.10 2843.0
1298.25 2843.0
1298.40 3079.9
1298.55 2843.0
1298.70 3079.9
1298.85 3079.9
1299.00 3079.9
1299.15 3079.9
1299.30 3079.9
1299.45 3079.9
1299.60 3079.9
1299.75 3079.9
1299.90 3079.9
1300.05 3079.9
1300.20 3079.9
1300.35 3316.8
1300.50 3079.9
1300.65 3079.9
1300.80 3079.9
1300.95 3079.9
1301.10 3316.8
1301.25 3316.8
1301.40 3316.8
1301.55 3079.9
1301.70 3079.9
1301.85 3079.9
1302.00 3079.9
1302.15 3079.9
1302.30 3316.8
1302.45 3079.9
1302.60 3316.8
1302.75 3316.8
1302.90 3316.8
1303.05 3553.7
1303.20 3316.8
1303.35 3316.8
1303.50 3316.8
1303.65 3316.8
1303.80 3553.7
1303.95 3316.8
1304.10 3553.7
1304.25 3316.8
1304.40 3553.7
1304.55 3553.7
1304.70 3553.7
1304.85 3316.8
1305.00 3553.7
1305.15 3553.7
1305.30 3316.8
1305.45 3553.7
1305.60 3553.7
1305.75 3553.7
1305.90 3790.7
1306.05 3553.7
1306.20 3553.7
1306.35 3553.7
1306.50 3553.7
1306.65 3553.7
1306.80 3790.7
1306.95 3790.7
1307.10 3790.7
1307.25 3790.7
1307.40 3790.7
1307.55 3790.7
1307.70 3790.7
1307.85 3790.7
1308.00 3790.7
1308.15 3790.7
1308.30 3790.7
1308.45 3790.7
1308.60 3790.7
1308.75 4027.6
1308.90 3790.7
1309.05 3790.7
1309.20 4027.6
1309.35 3790.7
1309.50 4027.6
1309.65 3790.7
1309.80 4027.6
1309.95 4027.6
1310.10 4027.6
1310.25 4027.6
1310.40 4027.6
1310.55 4027.6
1310.70 4027.6
1310.85 4027.6
1311.00 4027.6
1311.15 4027.6
1311.30 4027.6
1311.45 4264.5
1311.60 4027.6
1311.75 4027.6
1311.90 4027.6
1312.05 4264.5
1312.20 4264.5
1312.35 4264.5
1312.50 4264.5
1312.65 4264.5
1312.80 4264.5
1312.95 4264.5
1313.10 4501.4
1313.25 4264.5
1313.40 4264.5
1313.55 4501.4
1313.70 4264.5
1313.85 4501.4
1314.00 4501.4
1314.15 4501.4
1314.30 4501.4
1314.45 4501.4
1314.60 4501.4
1314.75 4501.4
1314.90 4501.4
1315.05 4501.4
1315.20 4738.3
1315.35 4501.4
1315.50 4738.3
1315.65 4738.3
1315.80 4738.3
1315.95 4738.3
1316.10 4738.3
1316.25 4501.4
1316.40 4738.3
1316.55 4738.3
1316.70 4738.3
1316.85 4975.2
1317.00 4738.3
1317.15 4738.3
1317.30 4738.3
1317.45 4738.3
1317.60 4975.2
1317.75 4975.2
1317.90 4975.2
1318.05 4975.2
1318.20 4975.2
1318.35 5212.1
1318.50 4975.2
1318.65 4975.2
1318.80 4975.2
1318.95 4975.2
1319.10 4975.2
1319.25 4975.2
1319.40 5212.1
1319.55 5212.1
1319.70 4975.2
1319.85 5212.1
1320.00 5212.1
1320.15 5212.1
1320.30 5212.1
1320.45 5212.1
1320.60 5212.1
1320.75 5449.1
1320.90 5449.1
1321.05 5212.1
1321.20 5449.1
1321.35 5449.1
1321.50 5449.1
1321.65 5449.1
1321.80 5449.1
1321.95 5449.1
1322.10 5449.1
1322.25 5449.1
1322.40 5686.0
1322.55 5686.0
1322.70 5686.0
1322.85 5686.0
1323.00 5686.0
1323.15 5686.0
1323.30 5686.0
1323.45 5686.0
1323.60 5686.0
1323.75 5922.9
1323.90 5922.9
1324.05 5922.9
1324.20 5922.9
1324.35 5922.9
1324.50 5922.9
1324.65 5922.9
1324.80 6159.8
1324.95 6159.8
1325.10 6159.8
1325.25 6159.8
1325.40 6159.8
1325.55 6396.7
1325.70 6159.8
1325.85 6396.7
1326.00 6159.8
1326.15 6396.7
1326.30 6396.7
1326.45 6159.8
1326.60 6396.7
1326.75 6396.7
1326.90 6396.7
1327.05 6396.7
1327.20 6633.6
1327.35 6633.6
1327.50 6396.7
1327.65 6633.6
1327.80 6633.6
1327.95 6633.6
1328.10 6633.6
1328.25 6633.6
1328.40 6870.6
1328.55 6633.6
1328.70 6870.6
1328.85 6633.6
1329.00 6870.6
1329.15 6870.6
1329.30 6870.6
1329.45 6870.6
1329.60 7107.5
1329.75 7107.5
1329.90 7107.5
1330.05 7107.5
1330.20 7107.5
1330.35 7107.5
1330.50 7344.4
1330.65 7344.4
1330.80 7344.4
1330.95 7344.4
1331.10 7344.4
1331.25 7581.3
1331.40 7344.4
1331.55 7344.4
1331.70 7581.3
1331.85 7581.3
1332.00 7581.3
1332.15 7818.2
1332.30 7581.3
1332.45 7818.2
1332.60 7818.2
1332.75 7818.2
1332.90 7818.2
1333.05 7818.2
1333.20 7818.2
1333.35 7818.2
1333.50 8055.1
1333.65 8055.1
1333.80 8055.1
1333.95 8292.1
1334.10 8055.1
1334.25 8292.1
1334.40 8292.1
1334.55 8292.1
1334.70 8529.0
1334.85 8292.1
1335.00 8529.0
1335.15 8529.0
1335.30 8529.0
1335.45 8765.9
1335.60 8765.9
1335.75 8765.9
1335.90 8765.9
1336.05 8765.9
1336.20 8765.9
1336.35 9002.8
1336.50 9002.8
1336.65 9002.8
1336.80 9002.8
1336.95 9002.8
1337.10 9239.7
1337.25 9239.7
1337.40 9239.7
1337.55 9476.6
1337.70 9239.7
1337.85 9239.7
1338.00 9239.7
1338.15 9476.6
1338.30 9713.6
1338.45 9476.6
1338.60 9476.6
1338.75 9713.6
1338.90 9713.6
1339.05 9713.6
1339.20 9950.5
1339.35 9713.6
1339.50 9950.5
1339.65 9950.5
1339.80 9950.5
1339.95 10187.4
1340.10 10187.4
1340.25 10424.3
1340.40 10424.3
1340.55 10424.3
1340.70 10424.3
1340.85 10424.3
1341.00 10424.3
1341.15 10661.2
1341.30 10898.1
1341.45 10661.2
1341.60 10661.2
1341.75 10898.1
1341.90 10898.1
1342.05 11135.0
1342.20 11135.0
1342.35 11135.0
1342.50 11135.0
1342.65 11372.0
1342.80 11135.0
1342.95 11372.0
1343.10 11372.0
1343.25 11608.9
1343.40 11608.9
1343.55 11608.9
1343.70 11608.9
1343.85 11845.8
1344.00 12082.7
1344.15 11845.8
1344.30 12082.7
1344.45 12082.7
1344.60 12319.6
1344.75 12319.6
1344.90 12319.6
1345.05 12556.5
1345.20 12556.5
1345.35 12556.5
1345.50 12556.5
1345.65 12793.5
1345.80 12793.5
1345.95 13030.4
1346.10 13030.4
1346.25 13030.4
1346.40 13030.4
1346.55 13267.3
1346.70 13267.3
1346.85 13504.2
1347.00 13504.2
1347.15 13504.2
1347.30 13741.1
1347.45 13741.1
1347.60 13741.1
1347.75 13978.0
1347.90 14215.0
1348.05 13978.0
1348.20 14215.0
1348.35 14215.0
1348.50 14451.9
1348.65 14451.9
1348.80 14451.9
1348.95 14688.8
1349.10 14688.8
1349.25 14925.7
1349.40 15162.6
1349.55 15162.6
1349.70 15162.6
1349.85 15162.6
1350.00 15399.5
1350.15 15399.5
1350.30 15636.4
1350.45 15636.4
1350.60 15873.4
1350.75 15873.4
1350.90 16110.3
1351.05 16347.2
1351.20 16347.2
1351.35 16584.1
1351.50 16584.1
1351.65 16584.1
1351.80 16821.0
1351.95 17057.9
1352.10 17057.9
1352.25 17057.9
1352.40 17294.9
1352.55 17531.8
1352.70 17531.8
1352.85 17531.8
1353.00 17768.7
1353.15 18005.6
1353.30 18005.6
1353.45 18005.6
1353.60 18242.5
1353.75 18479.4
1353.90 18479.4
1354.05 18716.4
1354.20 18953.3
1354.35 18953.3
1354.50 19190.2
1354.65 19190.2
1354.80 19427.1
1354.95 19427.1
1355.10 19664.0
1355.25 19900.9
1355.40 19900.9
1355.55 20137.9
1355.70 20374.8
1355.85 20374.8
1356.00 20611.7
1356.15 20848.6
1356.30 20848.6
1356.45 21085.5
1356.60 21322.4
1356.75 21559.3
1356.90 21559.3
1357.05 21796.3
1357.20 21796.3
1357.35 22033.2
1357.50 22270.1
1357.65 22507.0
1357.80 22743.9
1357.95 22743.9
1358.10 23217.8
1358.25 23217.8
1358.40 23217.8
1358.55 23691.6
1358.70 23691.6
1358.85 23928.5
1359.00 24165.4
1359.15 24402.3
1359.30 24639.3
1359.45 24639.3
1359.60 25113.1
1359.75 25113.1
1359.90 25350.0
1360.05 25586.9
1360.20 25823.8
1360.35 26060.7
1360.50 26297.7
1360.65 26771.5
1360.80 26771.5
1360.95 27008.4
1361.10 27245.3
1361.25 27482.2
1361.40 27719.2
1361.55 27956.1
1361.70 28193.0
1361.85 28429.9
1362.00 28666.8
1362.15 28903.7
1362.30 29377.6
1362.45 29377.6
1362.60 29614.5
1362.75 30088.3
1362.90 30325.2
1363.05 30562.2
1363.20 30799.1
1363.35 31036.0
1363.50 31509.8
1363.65 31746.7
1363.80 31983.6
1363.95 32220.6
1364.10 32694.4
1364.25 32931.3
1364.40 33168.2
1364.55 33642.1
1364.70 33879.0
1364.85 34115.9
1365.00 34589.7
1365.15 34826.6
1365.30 35300.5
1365.45 35537.4
1365.60 36011.2
1365.75 36248.1
1365.90 36485.0
1366.05 36958.9
1366.20 37195.8
1366.35 37432.7
1366.50 38143.5
1366.65 38380.4
1366.80 38854.2
1366.95 39091.1
1367.10 39565.0
1367.25 40038.8
1367.40 40512.6
1367.55 40749.5
1367.70 41223.4
1367.85 41460.3
1368.00 42171.0
1368.15 42644.9
1368.30 42881.8
1368.45 43592.5
1368.60 43829.4
1368.75 44303.3
1368.90 44777.1
1369.05 45487.9
1369.20 45724.8
1369.35 46198.6
1369.50 46909.3
1369.65 47383.2
1369.80 47857.0
1369.95 48330.8
1370.10 49041.6
1370.25 49515.4
1370.40 49752.3
1370.55 50463.1
1370.70 51173.8
1370.85 51884.6
1371.00 52121.5
1371.15 52832.2
1371.30 53543.0
1371.45 54016.8
1371.60 54727.6
1371.75 55438.3
1371.90 56149.1
1372.05 56622.9
1372.20 57333.6
1372.35 58044.4
1372.50 58755.1
1372.65 59465.9
1372.80 60176.6
1372.95 61124.3
1373.10 61598.1
1373.25 62545.8
1373.40 63256.5
1373.55 63967.3
1373.70 64678.0
1373.85 65625.7
1374.00 66336.5
1374.15 67284.1
1374.30 67994.9
1374.45 68942.5
1374.60 69890.2
1374.75 70837.9
1374.90 71548.6
1375.05 72496.3
1375.20 73680.8
1375.35 74628.5
1375.50 75576.2
1375.65 76523.8
1375.80 77471.5
1375.95 78656.1
1376.10 79603.7
1376.25 80788.3
1376.40 81972.9
1376.55 83157.5
1376.70 84105.1
1376.85 85289.7
1377.00 86474.3
1377.15 87658.9
1377.30 89080.4
1377.45 90265.0
1377.60 91686.5
1377.75 92871.0
1377.90 94292.5
1378.05 95714.0
1378.20 97135.5
1378.35 98557.0
1378.50 99978.5
1378.65 101400.0
1378.80 103058.4
1378.95 104479.9
1379.10 106375.2
1379.25 108033.7
1379.40 109692.1
1379.55 111113.6
1379.70 113008.9
1379.85 114667.3
1380.00 116562.6
1380.15 118694.9
1380.30 120353.3
1380.45 122485.5
1380.60 124380.8
1380.75 126276.2
1380.90 128408.4
1381.05 130540.7
1381.20 133146.7
1381.35 135279.0
1381.50 137411.2
1381.65 139780.4
1381.80 142149.5
1381.95 144518.7
1382.10 147361.7
1382.25 149967.8
1382.40 152573.8
1382.55 155416.8
1382.70 158259.8
1382.85 160865.9
1383.00 163708.9
1383.15 166788.8
1383.30 170342.5
1383.45 173422.4
1383.60 176739.3
1383.75 180056.1
1383.90 183136.0
1384.05 186689.7
1384.20 190717.3
1384.35 194744.9
1384.50 198535.5
1384.65 202563.1
1384.80 206353.8
1384.95 210144.4
1385.10 214645.8
1385.25 219384.1
1385.40 224122.4
1385.55 229097.7
1385.70 233836.0
1385.85 238811.2
1386.00 243549.5
1386.15 248761.7
1386.30 254684.6
1386.45 260844.4
1386.60 266530.4
1386.75 272453.3
1386.90 278376.2
1387.05 284536.0
1387.20 291406.6
1387.35 298751.0
1387.50 306095.3
1387.65 313676.7
1387.80 321021.1
1387.95 328602.4
1388.10 335946.8
1388.25 344712.6
1388.40 354189.3
1388.55 363665.9
1388.70 373379.5
1388.85 382856.1
1389.00 392332.7
1389.15 401809.4
1389.30 413181.3
1389.45 425501.0
1389.60 438057.5
1389.75 450377.1
1389.90 462696.8
1390.05 475016.4
1390.20 487572.9
1390.35 502735.5
1390.50 519319.7
1390.65 535903.8
1390.80 552251.0
1390.95 568598.2
1391.10 584945.4
1391.25 601529.5
1391.40 622851.9
1391.55 645122.0
1391.70 667629.0
1391.85 689899.1
1392.00 712406.1
1392.15 734676.2
1392.30 757183.2
1392.45 787745.4
1392.60 819255.2
1392.75 850765.0
1392.90 882274.8
1393.05 913547.7
1393.20 945294.5
1393.35 976567.4
1393.50 1022292.1
1393.65 1068253.8
1393.80 1114215.5
1393.95 1160177.2
1394.10 1205902.0
1394.25 1251863.6
1394.40 1299483.7
1394.55 1369847.8
1394.70 1440211.8
1394.85 1510338.9
1395.00 1580939.8
1395.15 1651066.9
1395.30 1721431.0
1395.45 1797954.8
1395.60 1912622.1
1395.75 2026815.6
1395.90 2141482.9
1396.05 2255676.3
1396.20 2370343.6
1396.35 2484537.1
1396.50 2618631.5
1396.65 2820720.8
1396.80 3022573.1
1396.95 3224662.4
1397.10 3426988.6
1397.25 3629077.8
1397.40 3830930.2
1397.55 4055763.4
1397.70 4350960.6
1397.85 4677430.7
1398.00 5039438.2
1398.15 5442906.0
1398.30 5893046.2
1398.45 6397677.1
1398.60 6965327.6
1398.75 7606658.9
1398.90 8334701.5
1399.05 9164854.9
1399.20 10116309.1
1399.35 11212282.1
1399.50 12483572.8
1399.65 13967614.1
1399.80 15711552.0
1399.95 17776274.2
1400.10 20241858.0
1400.25 23217284.8
1400.40 26840676.7
1400.55 31302987.7
1400.70 36867194.7
1400.85 43908098.4
1401.00 52960418.2
1401.15 64793420.0
1401.30 80559699.6
1401.45 102014803.9
1401.60 131958131.3
1401.75 174697760.5
1401.90 237032704.1
1402.05 329212655.0
1402.20 464498033.2
1402.35 650761791.2
1402.50 861265600.0
1402.65 1000000000.0
1402.80 924475947.9
1402.95 627878557.9
1403.10 355328842.8
1403.25 189100826.0
1403.40 101358546.9
1403.55 56372954.9
1403.70 32832753.7
1403.85 19981487.4
1404.00 12664339.7
1404.15 8323329.6
1404.30 5653050.4
1404.45 3949625.0
1404.60 2828065.2
1404.75 2069460.4
1404.90 1544217.9
1405.05 1172970.6
1405.20 904544.9
1405.35 707194.0
1405.50 559832.3
1405.65 448481.8
1405.80 362955.2
1405.95 296381.8
1406.10 244260.3
1406.25 203036.9
1406.40 169868.7
1406.55 143097.2
1406.70 121300.9
1406.85 103295.3
1407.00 88606.5
1407.15 76523.8
1407.30 66336.5
1407.45 57570.6
1407.60 50226.2
1407.75 44066.4
1407.90 39091.1
1408.05 35774.3
1408.20 32694.4
1408.35 29614.5
1408.50 26534.6
1408.65 23454.7
1408.80 20374.8
1408.95 17531.8
1409.10 16347.2
1409.25 14925.7
1409.40 13741.1
1409.55 12556.5
1409.70 11372.0
1409.85 9950.5
1410.00 9002.8
1410.15 8292.1
1410.30 7818.2
1410.45 7107.5
1410.60 6633.6
1410.75 5922.9
1410.90 5449.1
1411.05 4738.3
1411.20 4738.3
1411.35 4264.5
1411.50 4027.6
1411.65 3790.7
1411.80 3553.7
1411.95 3079.9
1412.10 3079.9
1412.25 2606.1
1412.40 2606.1
1412.55 2606.1
1412.70 2132.2
1412.85 2132.2
1413.00 1895.3
1413.15 1658.4
1413.30 1658.4
1413.45 1658.4
1413.60 1658.4
1413.75 1658.4
1413.90 1184.6
1414.05 1421.5
1414.20 1184.6
1414.35 1184.6
1414.50 1184.6
1414.65 947.7
1414.80 947.7
1414.95 947.7
1415.10 947.7
1415.25 947.7
1415.40 710.7
1415.55 710.7
1415.70 710.7
1415.85 710.7
1416.00 710.7
1416.15 473.8
1416.30 473.8
1416.45 473.8
1416.60 473.8
1416.75 710.7
1416.90 473.8
1417.05 473.8
1417.20 473.8
1417.35 473.8
1417.50 473.8
1417.65 236.9
1417.80 236.9
1417.95 473.8
1418.10 236.9
1418.25 236.9
1418.40 236.9
1418.55 473.8
1418.70 236.9
1418.85 236.9
1419.00 236.9
1419.15 473.8
1419.30 236.9
1419.45 236.9
1419.60 236.9
1419.75 236.9
1419.90 0.0
1420.05 236.9
1420.20 0.0
1420.35 236.9
1420.50 236.9
1420.65 236.9
1420.80 0.0
1420.95 236.9
1421.10 0.0
1421.25 236.9
1421.40 0.0
1421.55 236.9
1421.70 236.9
1421.85 236.9
1422.00 236.9
1422.15 236.9
1422.30 0.0
1422.45 0.0
1422.60 0.0
1422.75 0.0
1422.90 0.0
1423.05 236.9
1423.20 236.9
1423.35 0.0
1423.50 0.0
1423.65 0.0
1423.80 236.9
1423.95 236.9
1424.10 236.9
1424.25 0.0
1424.40 0.0
1424.55 236.9
1424.70 0.0
1424.85 0.0
1425.00 236.9
1425.15 0.0
1425.30 0.0
1425.45 0.0
1425.60 0.0
1425.75 236.9
1425.90 0.0
1426.05 0.0
1426.20 236.9
1426.35 0.0
1426.50 0.0
1426.65 0.0
1426.80 236.9
1426.95 0.0
1427.10 0.0
1427.25 0.0
1427.40 0.0
1427.55 0.0
1427.70 0.0
1427.85 236.9
1428.00 0.0
1428.15 0.0
1428.30 0.0
1428.45 236.9
1428.60 236.9
1428.75 0.0
1428.90 0.0
1429.05 0.0
1429.20 0.0
1429.35 0.0
1429.50 0.0
1429.65 0.0
1429.80 0.0
1429.95 0.0
1430.10 0.0
1430.25 0.0
1430.40 0.0
1430.55 236.9
1430.70 0.0
1430.85 0.0
1431.00 0.0
1431.15 0.0
1431.30 0.0
1431.45 0.0
1431.60 0.0
1431.75 0.0
1431.90 0.0
1432.05 0.0
1432.20 0.0
1432.35 0.0
1432.50 0.0
1432.65 0.0
1432.80 0.0
1432.95 0.0
1433.10 0.0
1433.25 0.0
1433.40 0.0
1433.55 0.0
1433.70 0.0
1433.85 236.9
1434.00 0.0
1434.15 0.0
1434.30 0.0
1434.45 236.9
1434.60 0.0
1434.75 0.0
1434.90 0.0
1435.05 0.0
1435.20 0.0
1435.35 0.0
1435.50 0.0
1435.65 0.0
1435.80 0.0
1435.95 0.0
1436.10 0.0
1436.25 0.0
1436.40 0.0
1436.55 0.0
1436.70 0.0
1436.85 0.0
1437.00 0.0
1437.15 0.0
1437.30 0.0
1437.45 236.9
1437.60 236.9
1437.75 236.9
1437.90 0.0
1438.05 0.0
1438.20 0.0
1438.35 0.0
1438.50 0.0
1438.65 0.0
1438.80 0.0
1438.95 0.0
1439.10 0.0
1439.25 0.0
1439.40 0.0
1439.55 0.0
1439.70 0.0
1439.85 0.0
1440.00 0.0
1440.15 0.0
1440.30 0.0
1440.45 0.0
1440.60 0.0
1440.75 0.0
1440.90 0.0
1441.05 0.0
1441.20 0.0
1441.35 0.0
1441.50 0.0
1441.65 0.0
1441.80 0.0
1441.95 0.0
1442.10 0.0
1442.25 0.0
1442.40 0.0
1442.55 0.0
1442.70 0.0
1442.85 0.0
1443.00 0.0
1443.15 0.0
1443.30 0.0
1443.45 0.0
1443.60 0.0
1443.75 0.0
1443.90 0.0
1444.05 0.0
1444.20 0.0
1444.35 0.0
1444.50 0.0
1444.65 0.0
1444.80 0.0
1444.95 0.0
1445.10 0.0
1445.25 0.0
1445.40 0.0
1445.55 0.0
1445.70 0.0
1445.85 0.0
1446.00 0.0
1446.15 0.0
1446.30 0.0
1446.45 0.0
1446.60 0.0