606.51 0.0
606.66 0.0
606.81 0.0
606.96 0.0
607.11 0.0
607.26 72009.8
607.41 0.0
607.56 0.0
607.71 0.0
607.86 72009.8
608.01 72009.8
608.16 0.0
608.31 72009.8
608.46 0.0
608.61 0.0
608.76 72009.8
608.91 0.0
609.06 0.0
609.21 0.0
609.36 0.0
609.51 0.0
609.66 0.0
609.81 0.0
609.96 0.0
610.11 0.0
610.26 0.0
610.41 0.0
610.56 0.0
610.71 72009.8
610.86 0.0
611.01 0.0
611.16 0.0
611.31 0.0
611.46 0.0
611.61 0.0
611.76 0.0
611.91 0.0
612.06 0.0
612.21 0.0
612.36 0.0
612.51 72009.8
612.66 72009.8
612.81 0.0
612.96 72009.8
613.11 0.0
613.26 0.0
613.41 0.0
613.56 0.0
613.71 72009.8
613.86 72009.8
614.01 72009.8
614.16 0.0
614.31 0.0
614.46 0.0
614.61 0.0
614.76 0.0
614.91 0.0
615.06 0.0
615.21 72009.8
615.36 0.0
615.51 0.0
615.66 0.0
615.81 72009.8
615.96 0.0
616.11 72009.8
616.26 0.0
616.41 0.0
616.56 0.0
616.71 0.0
616.86 0.0
617.01 0.0
617.16 0.0
617.31 0.0
617.46 0.0
617.61 0.0
617.76 0.0
617.91 72009.8
618.06 0.0
618.21 0.0
618.36 72009.8
618.51 0.0
618.66 72009.8
618.81 0.0
618.96 0.0
619.11 72009.8
619.26 0.0
619.41 0.0
619.56 0.0
619.71 72009.8
619.86 0.0
620.01 0.0
620.16 72009.8
620.31 72009.8
620.46 0.0
620.61 0.0
620.76 0.0
620.91 0.0
621.06 0.0
621.21 72009.8
621.36 0.0
621.51 72009.8
621.66 0.0
621.81 0.0
621.96 72009.8
622.11 72009.8
622.26 0.0
622.41 0.0
622.56 72009.8
622.71 0.0
622.86 0.0
623.01 0.0
623.16 0.0
623.31 0.0
623.46 72009.8
623.61 0.0
623.76 72009.8
623.91 0.0
624.06 72009.8
624.21 72009.8
624.36 0.0
624.51 72009.8
624.66 72009.8
624.81 0.0
624.96 0.0
625.11 0.0
625.26 72009.8
625.41 0.0
625.56 0.0
625.71 0.0
625.86 0.0
626.01 72009.8
626.16 0.0
626.31 0.0
626.46 72009.8
626.61 0.0
626.76 0.0
626.91 72009.8
627.06 72009.8
627.21 0.0
627.36 0.0
627.51 0.0
627.66 72009.8
627.81 0.0
627.96 0.0
628.11 0.0
628.26 0.0
628.41 0.0
628.56 0.0
628.71 0.0
628.86 0.0
629.01 0.0
629.16 0.0
629.31 72009.8
629.46 72009.8
629.61 72009.8
629.76 72009.8
629.91 72009.8
630.06 72009.8
630.21 72009.8
630.36 72009.8
630.51 0.0
630.66 0.0
630.81 72009.8
630.96 0.0
631.11 0.0
631.26 0.0
631.41 0.0
631.56 0.0
631.71 0.0
631.86 0.0
632.01 0.0
632.16 0.0
632.31 0.0
632.46 72009.8
632.61 0.0
632.76 0.0
632.91 0.0
633.06 0.0
633.21 72009.8
633.36 72009.8
633.51 72009.8
633.66 0.0
633.81 72009.8
633.96 0.0
634.11 72009.8
634.26 72009.8
634.41 0.0
634.56 72009.8
634.71 0.0
634.86 0.0
635.01 0.0
635.16 72009.8
635.31 72009.8
635.46 72009.8
635.61 0.0
635.76 0.0
635.91 72009.8
636.06 72009.8
636.21 0.0
636.36 0.0
636.51 0.0
636.66 72009.8
636.81 0.0
636.96 72009.8
637.11 0.0
637.26 72009.8
637.41 72009.8
637.56 72009.8
637.71 72009.8
637.86 0.0
638.01 72009.8
638.16 72009.8
638.31 72009.8
638.46 0.0
638.61 72009.8
638.76 72009.8
638.91 0.0
639.06 0.0
639.21 0.0
639.36 72009.8
639.51 72009.8
639.66 72009.8
639.81 0.0
639.96 72009.8
640.11 0.0
640.26 0.0
640.41 72009.8
640.56 0.0
640.71 0.0
640.86 0.0
641.01 72009.8
641.16 0.0
641.31 0.0
641.46 72009.8
641.61 0.0
641.76 72009.8
641.91 0.0
642.06 0.0
642.21 72009.8
642.36 72009.8
642.51 72009.8
642.66 0.0
642.81 72009.8
642.96 72009.8
643.11 72009.8
643.26 0.0
643.41 72009.8
643.56 0.0
643.71 0.0
643.86 72009.8
644.01 72009.8
644.16 0.0
644.31 0.0
644.46 72009.8
644.61 0.0
644.76 72009.8
644.91 0.0
645.06 72009.8
645.21 0.0
645.36 0.0
645.51 0.0
645.66 0.0
645.81 0.0
645.96 72009.8
646.11 72009.8
646.26 72009.8
646.41 0.0
646.56 72009.8
646.71 72009.8
646.86 72009.8
647.01 72009.8
647.16 72009.8
647.31 0.0
647.46 72009.8
647.61 72009.8
647.76 0.0
647.91 72009.8
648.06 72009.8
648.21 72009.8
648.36 72009.8
648.51 72009.8
648.66 72009.8
648.81 72009.8
648.96 0.0
649.11 72009.8
649.26 72009.8
649.41 72009.8
649.56 0.0
649.71 0.0
649.86 72009.8
650.01 72009.8
650.16 72009.8
650.31 72009.8
650.46 72009.8
650.61 72009.8
650.76 72009.8
650.91 72009.8
651.06 72009.8
651.21 72009.8
651.36 72009.8
651.51 0.0
651.66 72009.8
651.81 0.0
651.96 72009.8
652.11 0.0
652.26 72009.8
652.41 72009.8
652.56 72009.8
652.71 72009.8
652.86 0.0
653.01 72009.8
653.16 72009.8
653.31 0.0
653.46 72009.8
653.61 72009.8
653.76 72009.8
653.91 72009.8
654.06 0.0
654.21 72009.8
654.36 72009.8
654.51 72009.8
654.66 0.0
654.81 72009.8
654.96 72009.8
655.11 72009.8
655.26 72009.8
655.41 72009.8
655.56 72009.8
655.71 72009.8
655.86 72009.8
656.01 72009.8
656.16 72009.8
656.31 72009.8
656.46 72009.8
656.61 72009.8
656.76 0.0
656.91 72009.8
657.06 72009.8
657.21 72009.8
657.36 72009.8
657.51 72009.8
657.66 72009.8
657.81 72009.8
657.96 72009.8
658.11 0.0
658.26 72009.8
658.41 72009.8
658.56 72009.8
658.71 0.0
658.86 72009.8
659.01 72009.8
659.16 72009.8
659.31 72009.8
659.46 72009.8
659.61 72009.8
659.76 72009.8
659.91 72009.8
660.06 72009.8
660.21 144019.6
660.36 72009.8
660.51 72009.8
660.66 72009.8
660.81 72009.8
660.96 72009.8
661.11 72009.8
661.26 72009.8
661.41 72009.8
661.56 72009.8
661.71 144019.6
661.86 72009.8
662.01 72009.8
662.16 72009.8
662.31 72009.8
662.46 72009.8
662.61 72009.8
662.76 72009.8
662.91 72009.8
663.06 144019.6
663.21 72009.8
663.36 72009.8
663.51 72009.8
663.66 144019.6
663.81 144019.6
663.96 144019.6
664.11 72009.8
664.26 72009.8
664.41 72009.8
664.56 72009.8
664.71 72009.8
664.86 72009.8
665.01 72009.8
665.16 72009.8
665.31 72009.8
665.46 72009.8
665.61 72009.8
665.76 72009.8
665.91 72009.8
666.06 72009.8
666.21 144019.6
666.36 144019.6
666.51 72009.8
666.66 144019.6
666.81 72009.8
666.96 72009.8
667.11 144019.6
667.26 72009.8
667.41 144019.6
667.56 144019.6
667.71 72009.8
667.86 144019.6
668.01 144019.6
668.16 72009.8
668.31 144019.6
668.46 144019.6
668.61 144019.6
668.76 144019.6
668.91 72009.8
669.06 144019.6
669.21 72009.8
669.36 72009.8
669.51 144019.6
669.66 144019.6
669.81 144019.6
669.96 144019.6
670.11 144019.6
670.26 144019.6
670.41 144019.6
670.56 144019.6
670.71 144019.6
670.86 144019.6
671.01 72009.8
671.16 144019.6
671.31 144019.6
671.46 144019.6
671.61 144019.6
671.76 144019.6
671.91 144019.6
672.06 144019.6
672.21 144019.6
672.36 144019.6
672.51 144019.6
672.66 144019.6
672.81 144019.6
672.96 144019.6
673.11 144019.6
673.26 216029.4
673.41 144019.6
673.56 144019.6
673.71 144019.6
673.86 144019.6
674.01 144019.6
674.16 216029.4
674.31 216029.4
674.46 216029.4
674.61 216029.4
674.76 216029.4
674.91 216029.4
675.06 216029.4
675.21 144019.6
675.36 144019.6
675.51 144019.6
675.66 144019.6
675.81 216029.4
675.96 216029.4
676.11 144019.6
676.26 144019.6
676.41 216029.4
676.56 216029.4
676.71 144019.6
676.86 216029.4
677.01 216029.4
677.16 216029.4
677.31 216029.4
677.46 216029.4
677.61 216029.4
677.76 216029.4
677.91 216029.4
678.06 288039.2
678.21 216029.4
678.36 216029.4
678.51 216029.4
678.66 216029.4
678.81 216029.4
678.96 216029.4
679.11 216029.4
679.26 216029.4
679.41 216029.4
679.56 288039.2
679.71 288039.2
679.86 288039.2
680.01 288039.2
680.16 216029.4
680.31 288039.2
680.46 216029.4
680.61 288039.2
680.76 288039.2
680.91 288039.2
681.06 288039.2
681.21 288039.2
681.36 288039.2
681.51 288039.2
681.66 288039.2
681.81 288039.2
681.96 288039.2
682.11 360049.0
682.26 360049.0
682.41 288039.2
682.56 360049.0
682.71 288039.2
682.86 288039.2
683.01 360049.0
683.16 360049.0
683.31 360049.0
683.46 360049.0
683.61 360049.0
683.76 360049.0
683.91 360049.0
684.06 360049.0
684.21 360049.0
684.36 360049.0
684.51 432058.8
684.66 432058.8
684.81 432058.8
684.96 360049.0
685.11 432058.8
685.26 432058.8
685.41 432058.8
685.56 432058.8
685.71 432058.8
685.86 432058.8
686.01 432058.8
686.16 504068.6
686.31 432058.8
686.46 504068.6
686.61 504068.6
686.76 504068.6
686.91 504068.6
687.06 504068.6
687.21 504068.6
687.36 576078.3
687.51 504068.6
687.66 576078.3
687.81 576078.3
687.96 576078.3
688.11 576078.3
688.26 576078.3
688.41 648088.1
688.56 576078.3
688.71 648088.1
688.86 648088.1
689.01 720097.9
689.16 648088.1
689.31 720097.9
689.46 720097.9
689.61 720097.9
689.76 720097.9
689.91 720097.9
690.06 720097.9
690.21 720097.9
690.36 792107.7
690.51 792107.7
690.66 792107.7
690.81 864117.5
690.96 864117.5
691.11 864117.5
691.26 864117.5
691.41 864117.5
691.56 936127.3
691.71 936127.3
691.86 936127.3
692.01 936127.3
692.16 1008137.1
692.31 1008137.1
692.46 1008137.1
692.61 1080146.9
692.76 1080146.9
692.91 1152156.7
693.06 1152156.7
693.21 1224166.5
693.36 1152156.7
693.51 1224166.5
693.66 1224166.5
693.81 1224166.5
693.96 1296176.3
694.11 1368186.1
694.26 1368186.1
694.41 1440195.9
694.56 1440195.9
694.71 1440195.9
694.86 1512205.7
695.01 1584215.5
695.16 1656225.2
695.31 1656225.2
695.46 1728235.0
695.61 1728235.0
695.76 1800244.8
695.91 1872254.6
696.06 1944264.4
696.21 2016274.2
696.36 2088284.0
696.51 2088284.0
696.66 2160293.8
696.81 2232303.6
696.96 2304313.4
697.11 2376323.2
697.26 2448333.0
697.41 2592352.6
697.56 2592352.6
697.71 2736372.1
697.86 2736372.1
698.01 2952401.5
698.16 3024411.3
698.31 3168430.9
698.46 3384460.3
698.61 3456470.1
698.76 3672499.5
698.91 3816519.0
699.06 4104558.2
699.21 4248577.8
699.36 4752646.4
699.51 5112695.3
699.66 5256714.9
699.81 5904803.1
699.96 6336861.8
700.11 7128969.5
700.26 7921077.3
700.41 8785194.8
700.56 9937351.5
700.71 11305537.6
700.86 12673723.6
701.01 14545978.3
701.16 16490242.7
701.31 18722546.3
701.46 21314898.8
701.61 24051271.0
701.76 27147692.1
701.91 30532152.4
702.06 34348671.4
702.21 38237200.3
702.36 42413768.3
702.51 46950385.3
702.66 51487002.2
702.81 56167638.8
702.96 60920285.2
703.11 65672931.5
703.26 70497587.7
703.41 75034204.7
703.56 79642831.4
703.71 84107438.6
703.86 88356016.4
704.01 92388564.8
704.16 96277093.7
704.31 100165622.5
704.46 103838122.0
704.61 107150572.5
704.76 110751062.1
704.91 113991502.8
705.06 117159933.8
705.21 120616403.8
705.36 123784834.7
705.51 126953265.6
705.66 130409735.7
705.81 134154245.0
705.96 138330813.0
706.11 143443508.3
706.26 149780370.1
706.41 157773457.2
706.56 167998847.8
706.71 181320659.6
706.86 198458990.4
707.01 220854036.1
707.16 249513933.9
707.31 286670987.3
707.46 334053431.3
707.61 394613667.5
707.76 470295960.3
707.91 562252466.3
708.06 669475048.6
708.21 784618708.1
708.36 892921437.3
708.51 972132210.0
708.66 1000000000.0
708.81 876431194.6
708.96 608770792.8
709.11 350255634.8
709.26 176712032.8
709.41 83171311.3
709.56 38381219.8
709.71 17642399.4
709.86 8497155.6
710.01 4248577.8
710.16 2376323.2
710.31 1296176.3
710.46 720097.9
710.61 504068.6
710.76 288039.2
710.91 216029.4
711.06 216029.4
711.21 72009.8
711.36 144019.6
711.51 72009.8
711.66 0.0
711.81 0.0
711.96 144019.6
712.11 0.0
712.26 0.0
712.41 0.0
712.56 0.0
712.71 0.0
712.86 72009.8
713.01 0.0
713.16 0.0
713.31 0.0
713.46 0.0
713.61 0.0
713.76 0.0
713.91 0.0
714.06 0.0
714.21 0.0
714.36 0.0
714.51 0.0
714.66 0.0
714.81 0.0
714.96 0.0
715.11 0.0
715.26 0.0
715.41 0.0
715.56 0.0
715.71 0.0
715.86 0.0
716.01 0.0
716.16 0.0
716.31 0.0
716.46 0.0
716.61 0.0
716.76 0.0
716.91 0.0
717.06 0.0
717.21 0.0
717.36 0.0
717.51 0.0
717.66 0.0
717.81 0.0
717.96 0.0
718.11 0.0
718.26 0.0
718.41 0.0
718.56 0.0
718.71 0.0
718.86 0.0
719.01 0.0
719.16 0.0
719.31 0.0
719.46 0.0
719.61 0.0
719.76 0.0
719.91 0.0
720.06 0.0
720.21 0.0
720.36 0.0
720.51 0.0
720.66 0.0
720.81 0.0
720.96 0.0
721.11 0.0
721.26 0.0
721.41 0.0
721.56 0.0
721.71 0.0
721.86 0.0
722.01 0.0
722.16 0.0
722.31 0.0
722.46 0.0
722.61 0.0
722.76 0.0
722.91 0.0
723.06 0.0
723.21 0.0
723.36 0.0
723.51 0.0
723.66 0.0
723.81 0.0
723.96 0.0
724.11 0.0
724.26 0.0
724.41 0.0
724.56 0.0
724.71 0.0
724.86 0.0
725.01 0.0
725.16 0.0
725.31 0.0
725.46 0.0
725.61 0.0
725.76 0.0
725.91 0.0
726.06 0.0
726.21 0.0
726.36 0.0
726.51 0.0
726.66 0.0
726.81 0.0
726.96 0.0
727.11 0.0
727.26 0.0
727.41 0.0
727.56 0.0
727.71 0.0
727.86 0.0
728.01 0.0
728.16 0.0
728.31 0.0
728.46 0.0
728.61 0.0
728.76 0.0
728.91 0.0
729.06 0.0
729.21 0.0
729.36 0.0
729.51 0.0
729.66 0.0
729.81 0.0
729.96 0.0
730.11 0.0
730.26 0.0
730.41 0.0
730.56 0.0
730.71 0.0
730.86 0.0
731.01 0.0
731.16 0.0
731.31 0.0
731.46 0.0
731.61 0.0
731.76 0.0
731.91 0.0
732.06 0.0
732.21 0.0
732.36 0.0
732.51 0.0
732.66 0.0
732.81 0.0
732.96 0.0
733.11 0.0
733.26 0.0
733.41 0.0
733.56 0.0
733.71 0.0
733.86 0.0
734.01 0.0
734.16 0.0
734.31 0.0
734.46 0.0
734.61 0.0
734.76 0.0
734.91 0.0
735.06 0.0
735.21 0.0
735.36 0.0
735.51 0.0
735.66 0.0
735.81 0.0
735.96 0.0
736.11 0.0
736.26 0.0
736.41 0.0
736.56 0.0
736.71 0.0
736.86 0.0
737.01 0.0
737.16 0.0
737.31 0.0
737.46 0.0
737.61 0.0
737.76 0.0
737.91 0.0
738.06 0.0
738.21 0.0
738.36 0.0
738.51 0.0
738.66 0.0
738.81 0.0
738.96 0.0
739.11 0.0
739.26 0.0
739.41 0.0
739.56 0.0
739.71 0.0
739.86 0.0
740.01 0.0
740.16 0.0
740.31 0.0
740.46 0.0
740.61 0.0
740.76 0.0
740.91 0.0
741.06 0.0
741.21 0.0
741.36 0.0
741.51 0.0
741.66 0.0
741.81 0.0
741.96 0.0
742.11 0.0
742.26 0.0
742.41 0.0
742.56 0.0
742.71 0.0
742.86 0.0
743.01 0.0
743.16 0.0
743.31 0.0
743.46 0.0
743.61 0.0
743.76 0.0
743.91 0.0
744.06 0.0
744.21 0.0
744.36 0.0
744.51 0.0
744.66 0.0
744.81 0.0
744.96 0.0
745.11 0.0
745.26 0.0
745.41 0.0
745.56 0.0
745.71 0.0
745.86 0.0
746.01 0.0
746.16 0.0
746.31 0.0
746.46 0.0