606.51 0.0
606.66 0.0
606.81 0.0
606.96 0.0
607.11 0.0
607.26 0.0
607.41 0.0
607.56 0.0
607.71 0.0
607.86 0.0
608.01 0.0
608.16 0.0
608.31 0.0
608.46 0.0
608.61 0.0
608.76 0.0
608.91 0.0
609.06 0.0
609.21 0.0
609.36 0.0
609.51 0.0
609.66 0.0
609.81 0.0
609.96 0.0
610.11 0.0
610.26 0.0
610.41 0.0
610.56 0.0
610.71 0.0
610.86 0.0
611.01 0.0
611.16 0.0
611.31 0.0
611.46 0.0
611.61 0.0
611.76 0.0
611.91 0.0
612.06 0.0
612.21 0.0
612.36 0.0
612.51 0.0
612.66 0.0
612.81 0.0
612.96 0.0
613.11 0.0
613.26 0.0
613.41 0.0
613.56 0.0
613.71 0.0
613.86 0.0
614.01 0.0
614.16 0.0
614.31 0.0
614.46 0.0
614.61 0.0
614.76 0.0
614.91 0.0
615.06 0.0
615.21 0.0
615.36 0.0
615.51 0.0
615.66 0.0
615.81 0.0
615.96 0.0
616.11 0.0
616.26 0.0
616.41 0.0
616.56 0.0
616.71 0.0
616.86 0.0
617.01 0.0
617.16 0.0
617.31 0.0
617.46 0.0
617.61 0.0
617.76 0.0
617.91 0.0
618.06 0.0
618.21 0.0
618.36 0.0
618.51 0.0
618.66 0.0
618.81 0.0
618.96 0.0
619.11 0.0
619.26 0.0
619.41 0.0
619.56 0.0
619.71 0.0
619.86 0.0
620.01 0.0
620.16 0.0
620.31 0.0
620.46 0.0
620.61 0.0
620.76 0.0
620.91 0.0
621.06 0.0
621.21 0.0
621.36 0.0
621.51 0.0
621.66 0.0
621.81 0.0
621.96 0.0
622.11 0.0
622.26 0.0
622.41 0.0
622.56 0.0
622.71 0.0
622.86 0.0
623.01 0.0
623.16 0.0
623.31 0.0
623.46 0.0
623.61 0.0
623.76 0.0
623.91 0.0
624.06 0.0
624.21 0.0
624.36 0.0
624.51 0.0
624.66 0.0
624.81 0.0
624.96 0.0
625.11 0.0
625.26 0.0
625.41 0.0
625.56 0.0
625.71 0.0
625.86 0.0
626.01 0.0
626.16 0.0
626.31 0.0
626.46 0.0
626.61 0.0
626.76 0.0
626.91 0.0
627.06 0.0
627.21 0.0
627.36 0.0
627.51 0.0
627.66 0.0
627.81 0.0
627.96 0.0
628.11 0.0
628.26 0.0
628.41 0.0
628.56 0.0
628.71 0.0
628.86 0.0
629.01 0.0
629.16 0.0
629.31 0.0
629.46 0.0
629.61 0.0
629.76 0.0
629.91 0.0
630.06 0.0
630.21 0.0
630.36 0.0
630.51 0.0
630.66 0.0
630.81 0.0
630.96 0.0
631.11 0.0
631.26 0.0
631.41 0.0
631.56 0.0
631.71 0.0
631.86 0.0
632.01 0.0
632.16 0.0
632.31 0.0
632.46 0.0
632.61 0.0
632.76 0.0
632.91 0.0
633.06 0.0
633.21 0.0
633.36 0.0
633.51 0.0
633.66 0.0
633.81 0.0
633.96 0.0
634.11 0.0
634.26 0.0
634.41 0.0
634.56 0.0
634.71 0.0
634.86 0.0
635.01 0.0
635.16 0.0
635.31 0.0
635.46 0.0
635.61 0.0
635.76 0.0
635.91 0.0
636.06 0.0
636.21 0.0
636.36 0.0
636.51 0.0
636.66 0.0
636.81 0.0
636.96 0.0
637.11 0.0
637.26 0.0
637.41 0.0
637.56 0.0
637.71 0.0
637.86 0.0
638.01 0.0
638.16 0.0
638.31 0.0
638.46 0.0
638.61 0.0
638.76 0.0
638.91 0.0
639.06 0.0
639.21 0.0
639.36 0.0
639.51 0.0
639.66 0.0
639.81 0.0
639.96 0.0
640.11 0.0
640.26 0.0
640.41 0.0
640.56 0.0
640.71 0.0
640.86 0.0
641.01 0.0
641.16 0.0
641.31 0.0
641.46 0.0
641.61 0.0
641.76 0.0
641.91 0.0
642.06 0.0
642.21 0.0
642.36 0.0
642.51 0.0
642.66 0.0
642.81 0.0
642.96 0.0
643.11 0.0
643.26 0.0
643.41 0.0
643.56 0.0
643.71 0.0
643.86 0.0
644.01 0.0
644.16 0.0
644.31 0.0
644.46 0.0
644.61 0.0
644.76 0.0
644.91 0.0
645.06 0.0
645.21 0.0
645.36 0.0
645.51 0.0
645.66 0.0
645.81 0.0
645.96 0.0
646.11 0.0
646.26 0.0
646.41 0.0
646.56 0.0
646.71 0.0
646.86 0.0
647.01 0.0
647.16 0.0
647.31 0.0
647.46 0.0
647.61 0.0
647.76 0.0
647.91 0.0
648.06 0.0
648.21 0.0
648.36 0.0
648.51 0.0
648.66 0.0
648.81 0.0
648.96 0.0
649.11 0.0
649.26 0.0
649.41 0.0
649.56 0.0
649.71 0.0
649.86 0.0
650.01 0.0
650.16 0.0
650.31 0.0
650.46 0.0
650.61 0.0
650.76 0.0
650.91 0.0
651.06 0.0
651.21 0.0
651.36 0.0
651.51 0.0
651.66 0.0
651.81 0.0
651.96 0.0
652.11 0.0
652.26 0.0
652.41 0.0
652.56 0.0
652.71 0.0
652.86 0.0
653.01 0.0
653.16 0.0
653.31 0.0
653.46 0.0
653.61 0.0
653.76 0.0
653.91 0.0
654.06 0.0
654.21 0.0
654.36 0.0
654.51 0.0
654.66 0.0
654.81 0.0
654.96 0.0
655.11 0.0
655.26 0.0
655.41 0.0
655.56 0.0
655.71 0.0
655.86 0.0
656.01 0.0
656.16 0.0
656.31 0.0
656.46 0.0
656.61 0.0
656.76 0.0
656.91 0.0
657.06 0.0
657.21 0.0
657.36 0.0
657.51 0.0
657.66 0.0
657.81 0.0
657.96 0.0
658.11 0.0
658.26 0.0
658.41 0.0
658.56 0.0
658.71 0.0
658.86 0.0
659.01 0.0
659.16 0.0
659.31 0.0
659.46 0.0
659.61 0.0
659.76 0.0
659.91 0.0
660.06 0.0
660.21 0.0
660.36 0.0
660.51 0.0
660.66 0.0
660.81 0.0
660.96 0.0
661.11 0.0
661.26 0.0
661.41 0.0
661.56 0.0
661.71 0.0
661.86 0.0
662.01 0.0
662.16 0.0
662.31 0.0
662.46 0.0
662.61 0.0
662.76 0.0
662.91 0.0
663.06 0.0
663.21 0.0
663.36 0.0
663.51 0.0
663.66 0.0
663.81 0.0
663.96 0.0
664.11 0.0
664.26 0.0
664.41 0.0
664.56 0.0
664.71 0.0
664.86 0.0
665.01 0.0
665.16 0.0
665.31 0.0
665.46 0.0
665.61 0.0
665.76 0.0
665.91 0.0
666.06 0.0
666.21 0.0
666.36 0.0
666.51 0.0
666.66 0.0
666.81 0.0
666.96 0.0
667.11 0.0
667.26 0.0
667.41 0.0
667.56 0.0
667.71 0.0
667.86 0.0
668.01 0.0
668.16 0.0
668.31 0.0
668.46 0.0
668.61 0.0
668.76 0.0
668.91 0.0
669.06 0.0
669.21 0.0
669.36 0.0
669.51 0.0
669.66 0.0
669.81 0.0
669.96 0.0
670.11 0.0
670.26 0.0
670.41 0.0
670.56 0.0
670.71 0.0
670.86 0.0
671.01 0.0
671.16 0.0
671.31 0.0
671.46 0.0
671.61 0.0
671.76 0.0
671.91 0.0
672.06 0.0
672.21 0.0
672.36 0.0
672.51 0.0
672.66 0.0
672.81 0.0
672.96 0.0
673.11 0.0
673.26 0.0
673.41 0.0
673.56 0.0
673.71 0.0
673.86 0.0
674.01 0.0
674.16 0.0
674.31 0.0
674.46 0.0
674.61 0.0
674.76 0.0
674.91 0.0
675.06 0.0
675.21 0.0
675.36 0.0
675.51 0.0
675.66 0.0
675.81 0.0
675.96 0.0
676.11 0.0
676.26 0.0
676.41 0.0
676.56 0.0
676.71 0.0
676.86 0.0
677.01 0.0
677.16 0.0
677.31 0.0
677.46 0.0
677.61 0.0
677.76 0.0
677.91 0.0
678.06 0.0
678.21 0.0
678.36 0.0
678.51 0.0
678.66 0.0
678.81 0.0
678.96 0.0
679.11 0.0
679.26 0.0
679.41 0.0
679.56 0.0
679.71 0.0
679.86 0.0
680.01 0.0
680.16 0.0
680.31 0.0
680.46 0.0
680.61 0.0
680.76 0.0
680.91 0.0
681.06 0.0
681.21 0.0
681.36 0.0
681.51 0.0
681.66 0.0
681.81 0.0
681.96 0.0
682.11 0.0
682.26 0.0
682.41 0.0
682.56 0.0
682.71 0.0
682.86 0.0
683.01 0.0
683.16 0.0
683.31 0.0
683.46 0.0
683.61 0.0
683.76 0.0
683.91 0.0
684.06 0.0
684.21 0.0
684.36 0.0
684.51 0.0
684.66 0.0
684.81 0.0
684.96 0.0
685.11 0.0
685.26 0.0
685.41 0.0
685.56 0.0
685.71 0.0
685.86 0.0
686.01 0.0
686.16 0.0
686.31 0.0
686.46 0.0
686.61 0.0
686.76 0.0
686.91 0.0
687.06 0.0
687.21 0.0
687.36 0.0
687.51 0.0
687.66 0.0
687.81 0.0
687.96 0.0
688.11 0.0
688.26 0.0
688.41 0.0
688.56 0.0
688.71 0.0
688.86 0.0
689.01 0.0
689.16 0.0
689.31 0.0
689.46 0.0
689.61 0.0
689.76 0.0
689.91 0.0
690.06 0.0
690.21 0.0
690.36 0.0
690.51 0.0
690.66 0.0
690.81 0.0
690.96 0.0
691.11 0.0
691.26 0.0
691.41 0.0
691.56 0.0
691.71 0.0
691.86 0.0
692.01 0.0
692.16 0.0
692.31 0.0
692.46 0.0
692.61 0.0
692.76 0.0
692.91 0.0
693.06 0.0
693.21 297530.5
693.36 0.0
693.51 0.0
693.66 0.0
693.81 297530.5
693.96 297530.5
694.11 595061.0
694.26 892591.5
694.41 892591.5
694.56 1190122.0
694.71 1487652.5
694.86 2082713.5
695.01 2677774.5
695.16 3570366.0
695.31 4462957.5
695.46 5653079.4
695.61 6843201.4
695.76 8628384.4
695.91 10711097.9
696.06 13091341.9
696.21 16066646.8
696.36 19637012.8
696.51 23504909.3
696.66 28562927.7
696.81 34216007.1
696.96 40761678.1
697.11 48497471.0
697.26 57125855.4
697.41 66646831.3
697.56 77655459.7
697.71 89556679.6
697.86 102648021.4
698.01 116929485.3
698.16 132401071.1
698.31 148765248.4
698.46 166022017.3
698.61 183576316.6
698.76 201725676.9
698.91 219875037.2
699.06 237429336.5
699.21 254388574.8
699.36 270752752.2
699.51 284736685.5
699.66 296637905.4
699.81 307051472.8
699.96 314192204.7
700.11 319547753.6
700.26 321035406.1
700.41 319845284.1
700.56 315977387.7
700.71 309729247.2
700.86 300803332.3
701.01 290984825.9
701.16 279381136.6
701.31 266884855.7
701.46 254388574.8
701.61 242189824.5
701.76 231478726.6
701.91 222850342.2
702.06 216899732.2
702.21 213329366.3
702.36 214519488.2
702.51 219875037.2
702.66 228800952.1
702.81 243082415.9
702.96 262421898.2
703.11 285331746.5
703.26 312704552.2
703.41 342160071.4
703.56 374293365.1
703.71 407319250.2
703.86 439155013.4
704.01 469800654.6
704.16 497173460.3
704.31 521273430.5
704.46 542695626.3
704.61 560249925.6
704.76 578399285.9
704.91 595656054.7
705.06 614995537.0
705.21 639690568.3
705.36 669741148.5
705.51 706039869.1
705.66 749479321.6
705.81 797976792.6
705.96 848854507.6
706.11 899434692.1
706.26 944064266.6
706.41 977982743.2
706.56 997917286.5
706.71 1000000000.0
706.86 981553109.2
707.01 944361797.1
707.16 887831002.7
707.31 817316274.9
707.46 735197857.8
707.61 648616483.2
707.76 560547456.1
707.91 474263612.0
708.06 394525438.9
708.21 321630467.1
708.36 257958940.8
708.51 203213329.4
708.66 157393632.8
708.81 120202320.7
708.96 90449271.1
709.11 66944361.8
709.26 49092532.0
709.41 34811068.1
709.56 24695031.2
709.71 17256768.8
709.86 11901219.9
710.01 8033323.4
710.16 5653079.4
710.31 3570366.0
710.46 2380244.0
710.61 1487652.5
710.76 892591.5
710.91 595061.0
711.06 297530.5
711.21 297530.5
711.36 297530.5
711.51 0.0
711.66 0.0
711.81 0.0
711.96 297530.5
712.11 0.0
712.26 0.0
712.41 0.0
712.56 0.0
712.71 0.0
712.86 0.0
713.01 0.0
713.16 0.0
713.31 0.0
713.46 0.0
713.61 0.0
713.76 0.0
713.91 0.0
714.06 0.0
714.21 0.0
714.36 0.0
714.51 0.0
714.66 0.0
714.81 0.0
714.96 0.0
715.11 0.0
715.26 0.0
715.41 0.0
715.56 0.0
715.71 0.0
715.86 0.0
716.01 0.0
716.16 0.0
716.31 0.0
716.46 0.0
716.61 0.0
716.76 0.0
716.91 0.0
717.06 0.0
717.21 0.0
717.36 0.0
717.51 0.0
717.66 0.0
717.81 0.0
717.96 0.0
718.11 0.0
718.26 0.0
718.41 0.0
718.56 0.0
718.71 0.0
718.86 0.0
719.01 0.0
719.16 0.0
719.31 0.0
719.46 0.0
719.61 0.0
719.76 0.0
719.91 0.0
720.06 0.0
720.21 0.0
720.36 0.0
720.51 0.0
720.66 0.0
720.81 0.0
720.96 0.0
721.11 0.0
721.26 0.0
721.41 0.0
721.56 0.0
721.71 0.0
721.86 0.0
722.01 0.0
722.16 0.0
722.31 0.0
722.46 0.0
722.61 0.0
722.76 0.0
722.91 0.0
723.06 0.0
723.21 0.0
723.36 0.0
723.51 0.0
723.66 0.0
723.81 0.0
723.96 0.0
724.11 0.0
724.26 0.0
724.41 0.0
724.56 0.0
724.71 0.0
724.86 0.0
725.01 0.0
725.16 0.0
725.31 0.0
725.46 0.0
725.61 0.0
725.76 0.0
725.91 0.0
726.06 0.0
726.21 0.0
726.36 0.0
726.51 0.0
726.66 0.0
726.81 0.0
726.96 0.0
727.11 0.0
727.26 0.0
727.41 0.0
727.56 0.0
727.71 0.0
727.86 0.0
728.01 0.0
728.16 0.0
728.31 0.0
728.46 0.0
728.61 0.0
728.76 0.0
728.91 0.0
729.06 0.0
729.21 0.0
729.36 0.0
729.51 0.0
729.66 0.0
729.81 0.0
729.96 0.0
730.11 0.0
730.26 0.0
730.41 0.0
730.56 0.0
730.71 0.0
730.86 0.0
731.01 0.0
731.16 0.0
731.31 0.0
731.46 0.0
731.61 0.0
731.76 0.0
731.91 0.0
732.06 0.0
732.21 0.0
732.36 0.0
732.51 0.0
732.66 0.0
732.81 0.0
732.96 0.0
733.11 0.0
733.26 0.0
733.41 0.0
733.56 0.0
733.71 0.0
733.86 0.0
734.01 0.0
734.16 0.0
734.31 0.0
734.46 0.0
734.61 0.0
734.76 0.0
734.91 0.0
735.06 0.0
735.21 0.0
735.36 0.0
735.51 0.0
735.66 0.0
735.81 0.0
735.96 0.0
736.11 0.0
736.26 0.0
736.41 0.0
736.56 0.0
736.71 0.0
736.86 0.0
737.01 0.0
737.16 0.0
737.31 0.0
737.46 0.0
737.61 0.0
737.76 0.0
737.91 0.0
738.06 0.0
738.21 0.0
738.36 0.0
738.51 0.0
738.66 0.0
738.81 0.0
738.96 0.0
739.11 0.0
739.26 0.0
739.41 0.0
739.56 0.0
739.71 0.0
739.86 0.0
740.01 0.0
740.16 0.0
740.31 0.0
740.46 0.0
740.61 0.0
740.76 0.0
740.91 0.0
741.06 0.0
741.21 0.0
741.36 0.0
741.51 0.0
741.66 0.0
741.81 0.0
741.96 0.0
742.11 0.0
742.26 0.0
742.41 0.0
742.56 0.0
742.71 0.0
742.86 0.0
743.01 0.0
743.16 0.0
743.31 0.0
743.46 0.0
743.61 0.0
743.76 0.0
743.91 0.0
744.06 0.0
744.21 0.0
744.36 0.0
744.51 0.0
744.66 0.0
744.81 0.0
744.96 0.0
745.11 0.0
745.26 0.0
745.41 0.0
745.56 0.0
745.71 0.0
745.86 0.0
746.01 0.0
746.16 0.0
746.31 0.0
746.46 0.0