156.60 0.0
156.75 0.0
156.90 0.0
157.05 0.0
157.20 0.0
157.35 0.0
157.50 0.0
157.65 0.0
157.80 0.0
157.95 0.0
158.10 0.0
158.25 0.0
158.40 0.0
158.55 0.0
158.70 0.0
158.85 0.0
159.00 0.0
159.15 0.0
159.30 0.0
159.45 0.0
159.60 0.0
159.75 0.0
159.90 0.0
160.05 0.0
160.20 0.0
160.35 0.0
160.50 0.0
160.65 0.0
160.80 0.0
160.95 0.0
161.10 0.0
161.25 0.0
161.40 0.0
161.55 0.0
161.70 0.0
161.85 0.0
162.00 0.0
162.15 0.0
162.30 0.0
162.45 0.0
162.60 0.0
162.75 0.0
162.90 0.0
163.05 0.0
163.20 0.0
163.35 0.0
163.50 0.0
163.65 0.0
163.80 0.0
163.95 0.0
164.10 0.0
164.25 0.0
164.40 0.0
164.55 0.0
164.70 0.0
164.85 0.0
165.00 0.0
165.15 0.0
165.30 0.0
165.45 0.0
165.60 0.0
165.75 0.0
165.90 0.0
166.05 0.0
166.20 0.0
166.35 0.0
166.50 0.0
166.65 0.0
166.80 0.0
166.95 0.0
167.10 0.0
167.25 0.0
167.40 0.0
167.55 0.0
167.70 0.0
167.85 0.0
168.00 0.0
168.15 0.0
168.30 0.0
168.45 0.0
168.60 0.0
168.75 0.0
168.90 0.0
169.05 0.0
169.20 0.0
169.35 0.0
169.50 0.0
169.65 0.0
169.80 0.0
169.95 0.0
170.10 0.0
170.25 0.0
170.40 0.0
170.55 0.0
170.70 0.0
170.85 0.0
171.00 0.0
171.15 0.0
171.30 0.0
171.45 0.0
171.60 0.0
171.75 0.0
171.90 0.0
172.05 0.0
172.20 0.0
172.35 0.0
172.50 0.0
172.65 0.0
172.80 0.0
172.95 0.0
173.10 0.0
173.25 0.0
173.40 0.0
173.55 0.0
173.70 0.0
173.85 0.0
174.00 0.0
174.15 0.0
174.30 0.0
174.45 0.0
174.60 0.0
174.75 0.0
174.90 0.0
175.05 0.0
175.20 0.0
175.35 0.0
175.50 0.0
175.65 0.0
175.80 0.0
175.95 0.0
176.10 0.0
176.25 0.0
176.40 0.0
176.55 0.0
176.70 0.0
176.85 0.0
177.00 0.0
177.15 0.0
177.30 0.0
177.45 23123.0
177.60 23123.0
177.75 23123.0
177.90 46246.0
178.05 69369.0
178.20 115615.0
178.35 184983.9
178.50 323721.9
178.65 554951.8
178.80 924919.6
178.95 1572363.4
179.10 2566652.0
179.25 4162138.4
179.40 6613175.5
179.55 10312854.1
179.70 15862372.0
179.85 23862926.9
180.00 35262561.6
180.15 51148056.5
180.30 72883668.2
180.45 101972391.1
180.60 139847850.7
180.75 187989918.4
180.90 247485374.7
181.05 318981663.5
181.20 402316923.7
181.35 495641316.2
181.50 595694499.0
181.65 697690013.2
181.80 795338405.0
181.95 881217194.3
182.10 947695793.9
182.25 988646611.3
182.40 1000000000.0
182.55 980553564.4
182.70 932272758.8
182.85 859597197.5
183.00 769810622.7
183.15 670335514.6
183.30 568293754.5
183.45 469604828.1
183.60 378754595.7
183.75 298633431.2
183.90 230351238.2
184.05 173931139.7
184.20 128656323.0
184.35 93255023.5
184.50 66386107.7
184.65 46407843.3
184.80 31817235.9
184.95 21411889.8
185.10 14151270.6
185.25 9179827.5
185.40 5850116.8
185.55 3676555.6
185.70 2266053.1
185.85 1364256.5
186.00 809304.7
186.15 462459.8
186.30 277475.9
186.45 138737.9
186.60 69369.0
186.75 46246.0
186.90 23123.0
187.05 0.0
187.20 0.0
187.35 0.0
187.50 0.0
187.65 0.0
187.80 0.0
187.95 0.0
188.10 0.0
188.25 0.0
188.40 0.0
188.55 0.0
188.70 0.0
188.85 0.0
189.00 0.0
189.15 0.0
189.30 0.0
189.45 0.0
189.60 0.0
189.75 0.0
189.90 0.0
190.05 0.0
190.20 0.0
190.35 0.0
190.50 0.0
190.65 0.0
190.80 0.0
190.95 0.0
191.10 0.0
191.25 0.0
191.40 0.0
191.55 0.0
191.70 0.0
191.85 0.0
192.00 0.0
192.15 0.0
192.30 0.0
192.45 0.0
192.60 0.0
192.75 0.0
192.90 0.0
193.05 0.0
193.20 0.0
193.35 0.0
193.50 0.0
193.65 0.0
193.80 0.0
193.95 0.0
194.10 0.0
194.25 0.0
194.40 0.0
194.55 0.0
194.70 0.0
194.85 0.0
195.00 0.0
195.15 0.0
195.30 0.0
195.45 0.0
195.60 0.0
195.75 0.0
195.90 0.0
196.05 0.0
196.20 0.0
196.35 0.0
196.50 0.0
196.65 0.0
196.80 0.0
196.95 0.0
197.10 0.0
197.25 0.0
197.40 0.0
197.55 0.0
197.70 0.0
197.85 0.0
198.00 0.0
198.15 0.0
198.30 0.0
198.45 0.0
198.60 0.0
198.75 0.0
198.90 0.0
199.05 0.0
199.20 0.0
199.35 0.0
199.50 0.0
199.65 0.0
199.80 0.0
199.95 0.0
200.10 0.0
200.25 0.0
200.40 0.0
200.55 0.0
200.70 0.0
200.85 0.0
201.00 0.0
201.15 0.0
201.30 0.0
201.45 0.0
201.60 0.0
201.75 0.0
201.90 0.0
202.05 0.0
202.20 0.0
202.35 0.0
202.50 0.0
202.65 0.0
202.80 0.0
202.95 0.0
203.10 0.0
203.25 0.0
203.40 0.0
203.55 0.0
203.70 0.0
203.85 0.0
204.00 0.0
204.15 0.0
204.30 0.0
204.45 0.0
204.60 0.0
204.75 0.0
204.90 0.0
205.05 0.0
205.20 0.0
205.35 0.0
205.50 0.0
205.65 0.0
205.80 0.0
205.95 0.0
206.10 0.0
206.25 0.0
206.40 0.0
206.55 0.0