156.60 0.0
156.75 0.0
156.90 0.0
157.05 0.0
157.20 0.0
157.35 0.0
157.50 0.0
157.65 0.0
157.80 0.0
157.95 0.0
158.10 0.0
158.25 0.0
158.40 0.0
158.55 0.0
158.70 0.0
158.85 0.0
159.00 0.0
159.15 0.0
159.30 0.0
159.45 0.0
159.60 0.0
159.75 0.0
159.90 0.0
160.05 0.0
160.20 0.0
160.35 0.0
160.50 0.0
160.65 0.0
160.80 0.0
160.95 0.0
161.10 0.0
161.25 0.0
161.40 0.0
161.55 0.0
161.70 0.0
161.85 0.0
162.00 0.0
162.15 0.0
162.30 0.0
162.45 0.0
162.60 0.0
162.75 0.0
162.90 0.0
163.05 0.0
163.20 0.0
163.35 0.0
163.50 0.0
163.65 0.0
163.80 0.0
163.95 0.0
164.10 0.0
164.25 0.0
164.40 0.0
164.55 0.0
164.70 0.0
164.85 0.0
165.00 0.0
165.15 0.0
165.30 0.0
165.45 0.0
165.60 0.0
165.75 0.0
165.90 0.0
166.05 0.0
166.20 0.0
166.35 0.0
166.50 0.0
166.65 0.0
166.80 0.0
166.95 0.0
167.10 0.0
167.25 0.0
167.40 0.0
167.55 0.0
167.70 0.0
167.85 0.0
168.00 0.0
168.15 0.0
168.30 0.0
168.45 0.0
168.60 0.0
168.75 0.0
168.90 0.0
169.05 0.0
169.20 0.0
169.35 0.0
169.50 0.0
169.65 0.0
169.80 0.0
169.95 0.0
170.10 0.0
170.25 0.0
170.40 0.0
170.55 0.0
170.70 0.0
170.85 0.0
171.00 0.0
171.15 0.0
171.30 0.0
171.45 0.0
171.60 0.0
171.75 0.0
171.90 0.0
172.05 0.0
172.20 0.0
172.35 0.0
172.50 0.0
172.65 0.0
172.80 0.0
172.95 0.0
173.10 0.0
173.25 0.0
173.40 0.0
173.55 0.0
173.70 0.0
173.85 0.0
174.00 0.0
174.15 0.0
174.30 0.0
174.45 0.0
174.60 0.0
174.75 0.0
174.90 0.0
175.05 0.0
175.20 0.0
175.35 0.0
175.50 0.0
175.65 0.0
175.80 0.0
175.95 0.0
176.10 0.0
176.25 0.0
176.40 0.0
176.55 0.0
176.70 0.0
176.85 533617.9
177.00 1067235.9
177.15 1600853.8
177.30 1600853.8
177.45 3201707.6
177.60 4802561.4
177.75 8004268.9
177.90 12273212.4
178.05 18676627.5
178.20 27748132.3
178.35 40554962.6
178.50 58697972.3
178.65 82710779.1
178.80 114727854.9
178.95 156350053.4
179.10 208644610.5
179.25 272678762.0
179.40 348452508.0
179.55 435965848.5
179.70 532550693.7
179.85 634471718.2
180.00 735859124.9
180.15 830843116.3
180.30 910885805.8
180.45 969050160.1
180.60 999466382.1
180.75 1000000000.0
180.90 969583778.0
181.05 911419423.7
181.20 831910352.2
181.35 737459978.7
181.50 636072572.0
181.65 534151547.5
181.80 437566702.2
181.95 350053361.8
182.10 273745997.9
182.25 209711846.3
182.40 156883671.3
182.55 115261472.8
182.70 82710779.1
182.85 58697972.3
183.00 41088580.6
183.15 27748132.3
183.30 18676627.5
183.45 12273212.4
183.60 8004268.9
183.75 4802561.4
183.90 3201707.6
184.05 1600853.8
184.20 1067235.9
184.35 533617.9
184.50 0.0
184.65 533617.9
184.80 533617.9
184.95 0.0
185.10 0.0
185.25 0.0
185.40 0.0
185.55 0.0
185.70 0.0
185.85 0.0
186.00 0.0
186.15 0.0
186.30 0.0
186.45 0.0
186.60 0.0
186.75 0.0
186.90 0.0
187.05 0.0
187.20 0.0
187.35 0.0
187.50 0.0
187.65 0.0
187.80 0.0
187.95 0.0
188.10 0.0
188.25 0.0
188.40 0.0
188.55 0.0
188.70 0.0
188.85 0.0
189.00 0.0
189.15 0.0
189.30 0.0
189.45 0.0
189.60 0.0
189.75 0.0
189.90 0.0
190.05 0.0
190.20 0.0
190.35 0.0
190.50 0.0
190.65 0.0
190.80 0.0
190.95 0.0
191.10 0.0
191.25 0.0
191.40 0.0
191.55 0.0
191.70 0.0
191.85 0.0
192.00 0.0
192.15 0.0
192.30 0.0
192.45 0.0
192.60 0.0
192.75 0.0
192.90 0.0
193.05 0.0
193.20 0.0
193.35 0.0
193.50 0.0
193.65 0.0
193.80 0.0
193.95 0.0
194.10 0.0
194.25 0.0
194.40 0.0
194.55 0.0
194.70 0.0
194.85 0.0
195.00 0.0
195.15 0.0
195.30 0.0
195.45 0.0
195.60 0.0
195.75 0.0
195.90 0.0
196.05 0.0
196.20 0.0
196.35 0.0
196.50 0.0
196.65 0.0
196.80 0.0
196.95 0.0
197.10 0.0
197.25 0.0
197.40 0.0
197.55 0.0
197.70 0.0
197.85 0.0
198.00 0.0
198.15 0.0
198.30 0.0
198.45 0.0
198.60 0.0
198.75 0.0
198.90 0.0
199.05 0.0
199.20 0.0
199.35 0.0
199.50 0.0
199.65 0.0
199.80 0.0
199.95 0.0
200.10 0.0
200.25 0.0
200.40 0.0
200.55 0.0
200.70 0.0
200.85 0.0
201.00 0.0
201.15 0.0
201.30 0.0
201.45 0.0
201.60 0.0
201.75 0.0
201.90 0.0
202.05 0.0
202.20 0.0
202.35 0.0
202.50 0.0
202.65 0.0
202.80 0.0
202.95 0.0
203.10 0.0
203.25 0.0
203.40 0.0
203.55 0.0
203.70 0.0
203.85 0.0
204.00 0.0
204.15 0.0
204.30 0.0
204.45 0.0
204.60 0.0
204.75 0.0
204.90 0.0
205.05 0.0
205.20 0.0
205.35 0.0
205.50 0.0
205.65 0.0
205.80 0.0
205.95 0.0
206.10 0.0
206.25 0.0
206.40 0.0
206.55 0.0