1296.60 0.0
1296.75 0.0
1296.90 0.0
1297.05 0.0
1297.20 0.0
1297.35 0.0
1297.50 0.0
1297.65 0.0
1297.80 0.0
1297.95 0.0
1298.10 0.0
1298.25 0.0
1298.40 0.0
1298.55 0.0
1298.70 0.0
1298.85 0.0
1299.00 0.0
1299.15 0.0
1299.30 0.0
1299.45 0.0
1299.60 0.0
1299.75 0.0
1299.90 0.0
1300.05 0.0
1300.20 0.0
1300.35 0.0
1300.50 0.0
1300.65 0.0
1300.80 0.0
1300.95 0.0
1301.10 0.0
1301.25 0.0
1301.40 0.0
1301.55 0.0
1301.70 0.0
1301.85 0.0
1302.00 0.0
1302.15 0.0
1302.30 0.0
1302.45 0.0
1302.60 0.0
1302.75 0.0
1302.90 0.0
1303.05 0.0
1303.20 0.0
1303.35 0.0
1303.50 0.0
1303.65 0.0
1303.80 0.0
1303.95 0.0
1304.10 0.0
1304.25 0.0
1304.40 0.0
1304.55 0.0
1304.70 0.0
1304.85 0.0
1305.00 0.0
1305.15 0.0
1305.30 0.0
1305.45 0.0
1305.60 0.0
1305.75 0.0
1305.90 0.0
1306.05 0.0
1306.20 0.0
1306.35 0.0
1306.50 0.0
1306.65 0.0
1306.80 0.0
1306.95 0.0
1307.10 0.0
1307.25 0.0
1307.40 0.0
1307.55 0.0
1307.70 0.0
1307.85 0.0
1308.00 0.0
1308.15 0.0
1308.30 0.0
1308.45 0.0
1308.60 0.0
1308.75 0.0
1308.90 0.0
1309.05 0.0
1309.20 0.0
1309.35 0.0
1309.50 0.0
1309.65 0.0
1309.80 0.0
1309.95 0.0
1310.10 0.0
1310.25 0.0
1310.40 0.0
1310.55 0.0
1310.70 0.0
1310.85 0.0
1311.00 0.0
1311.15 0.0
1311.30 0.0
1311.45 0.0
1311.60 0.0
1311.75 0.0
1311.90 0.0
1312.05 0.0
1312.20 0.0
1312.35 0.0
1312.50 0.0
1312.65 0.0
1312.80 0.0
1312.95 0.0
1313.10 0.0
1313.25 0.0
1313.40 0.0
1313.55 0.0
1313.70 0.0
1313.85 0.0
1314.00 0.0
1314.15 0.0
1314.30 0.0
1314.45 0.0
1314.60 0.0
1314.75 0.0
1314.90 0.0
1315.05 0.0
1315.20 0.0
1315.35 0.0
1315.50 0.0
1315.65 0.0
1315.80 0.0
1315.95 0.0
1316.10 0.0
1316.25 0.0
1316.40 0.0
1316.55 0.0
1316.70 0.0
1316.85 0.0
1317.00 0.0
1317.15 0.0
1317.30 0.0
1317.45 0.0
1317.60 0.0
1317.75 0.0
1317.90 0.0
1318.05 0.0
1318.20 0.0
1318.35 0.0
1318.50 0.0
1318.65 0.0
1318.80 0.0
1318.95 0.0
1319.10 0.0
1319.25 0.0
1319.40 0.0
1319.55 0.0
1319.70 0.0
1319.85 0.0
1320.00 0.0
1320.15 0.0
1320.30 0.0
1320.45 0.0
1320.60 0.0
1320.75 0.0
1320.90 0.0
1321.05 0.0
1321.20 0.0
1321.35 0.0
1321.50 0.0
1321.65 0.0
1321.80 0.0
1321.95 0.0
1322.10 0.0
1322.25 0.0
1322.40 0.0
1322.55 0.0
1322.70 0.0
1322.85 0.0
1323.00 0.0
1323.15 0.0
1323.30 0.0
1323.45 0.0
1323.60 0.0
1323.75 0.0
1323.90 0.0
1324.05 0.0
1324.20 0.0
1324.35 0.0
1324.50 0.0
1324.65 0.0
1324.80 0.0
1324.95 0.0
1325.10 0.0
1325.25 0.0
1325.40 0.0
1325.55 0.0
1325.70 0.0
1325.85 0.0
1326.00 0.0
1326.15 0.0
1326.30 0.0
1326.45 0.0
1326.60 0.0
1326.75 0.0
1326.90 0.0
1327.05 0.0
1327.20 0.0
1327.35 0.0
1327.50 0.0
1327.65 0.0
1327.80 0.0
1327.95 0.0
1328.10 0.0
1328.25 0.0
1328.40 0.0
1328.55 0.0
1328.70 0.0
1328.85 0.0
1329.00 0.0
1329.15 0.0
1329.30 0.0
1329.45 0.0
1329.60 0.0
1329.75 0.0
1329.90 0.0
1330.05 0.0
1330.20 0.0
1330.35 0.0
1330.50 0.0
1330.65 0.0
1330.80 0.0
1330.95 0.0
1331.10 0.0
1331.25 0.0
1331.40 0.0
1331.55 0.0
1331.70 0.0
1331.85 0.0
1332.00 0.0
1332.15 0.0
1332.30 0.0
1332.45 0.0
1332.60 0.0
1332.75 0.0
1332.90 0.0
1333.05 0.0
1333.20 0.0
1333.35 0.0
1333.50 0.0
1333.65 0.0
1333.80 0.0
1333.95 0.0
1334.10 0.0
1334.25 0.0
1334.40 0.0
1334.55 0.0
1334.70 0.0
1334.85 0.0
1335.00 0.0
1335.15 0.0
1335.30 0.0
1335.45 0.0
1335.60 0.0
1335.75 0.0
1335.90 0.0
1336.05 0.0
1336.20 0.0
1336.35 0.0
1336.50 0.0
1336.65 0.0
1336.80 0.0
1336.95 0.0
1337.10 0.0
1337.25 0.0
1337.40 0.0
1337.55 0.0
1337.70 0.0
1337.85 0.0
1338.00 0.0
1338.15 0.0
1338.30 0.0
1338.45 0.0
1338.60 0.0
1338.75 0.0
1338.90 0.0
1339.05 0.0
1339.20 0.0
1339.35 0.0
1339.50 0.0
1339.65 0.0
1339.80 0.0
1339.95 0.0
1340.10 0.0
1340.25 0.0
1340.40 0.0
1340.55 0.0
1340.70 0.0
1340.85 0.0
1341.00 0.0
1341.15 0.0
1341.30 0.0
1341.45 0.0
1341.60 0.0
1341.75 0.0
1341.90 0.0
1342.05 0.0
1342.20 0.0
1342.35 0.0
1342.50 0.0
1342.65 0.0
1342.80 0.0
1342.95 0.0
1343.10 0.0
1343.25 0.0
1343.40 0.0
1343.55 0.0
1343.70 0.0
1343.85 0.0
1344.00 0.0
1344.15 0.0
1344.30 0.0
1344.45 0.0
1344.60 0.0
1344.75 0.0
1344.90 0.0
1345.05 0.0
1345.20 0.0
1345.35 0.0
1345.50 0.0
1345.65 0.0
1345.80 0.0
1345.95 0.0
1346.10 0.0
1346.25 0.0
1346.40 0.0
1346.55 0.0
1346.70 0.0
1346.85 0.0
1347.00 0.0
1347.15 0.0
1347.30 0.0
1347.45 0.0
1347.60 0.0
1347.75 0.0
1347.90 0.0
1348.05 0.0
1348.20 0.0
1348.35 0.0
1348.50 0.0
1348.65 0.0
1348.80 0.0
1348.95 0.0
1349.10 0.0
1349.25 0.0
1349.40 0.0
1349.55 0.0
1349.70 0.0
1349.85 0.0
1350.00 0.0
1350.15 0.0
1350.30 0.0
1350.45 0.0
1350.60 0.0
1350.75 0.0
1350.90 0.0
1351.05 0.0
1351.20 0.0
1351.35 0.0
1351.50 0.0
1351.65 0.0
1351.80 0.0
1351.95 0.0
1352.10 0.0
1352.25 0.0
1352.40 0.0
1352.55 0.0
1352.70 0.0
1352.85 0.0
1353.00 0.0
1353.15 0.0
1353.30 0.0
1353.45 0.0
1353.60 0.0
1353.75 0.0
1353.90 0.0
1354.05 0.0
1354.20 0.0
1354.35 0.0
1354.50 0.0
1354.65 0.0
1354.80 0.0
1354.95 0.0
1355.10 0.0
1355.25 0.0
1355.40 0.0
1355.55 0.0
1355.70 0.0
1355.85 0.0
1356.00 0.0
1356.15 0.0
1356.30 0.0
1356.45 0.0
1356.60 0.0
1356.75 0.0
1356.90 0.0
1357.05 0.0
1357.20 0.0
1357.35 0.0
1357.50 0.0
1357.65 0.0
1357.80 0.0
1357.95 0.0
1358.10 0.0
1358.25 0.0
1358.40 0.0
1358.55 0.0
1358.70 0.0
1358.85 0.0
1359.00 0.0
1359.15 0.0
1359.30 0.0
1359.45 0.0
1359.60 0.0
1359.75 0.0
1359.90 0.0
1360.05 0.0
1360.20 0.0
1360.35 0.0
1360.50 0.0
1360.65 0.0
1360.80 0.0
1360.95 0.0
1361.10 0.0
1361.25 0.0
1361.40 0.0
1361.55 0.0
1361.70 0.0
1361.85 0.0
1362.00 0.0
1362.15 0.0
1362.30 0.0
1362.45 0.0
1362.60 0.0
1362.75 0.0
1362.90 0.0
1363.05 0.0
1363.20 0.0
1363.35 0.0
1363.50 0.0
1363.65 0.0
1363.80 0.0
1363.95 0.0
1364.10 0.0
1364.25 0.0
1364.40 0.0
1364.55 0.0
1364.70 0.0
1364.85 0.0
1365.00 0.0
1365.15 0.0
1365.30 0.0
1365.45 0.0
1365.60 0.0
1365.75 0.0
1365.90 0.0
1366.05 0.0
1366.20 0.0
1366.35 0.0
1366.50 0.0
1366.65 0.0
1366.80 0.0
1366.95 0.0
1367.10 0.0
1367.25 0.0
1367.40 0.0
1367.55 0.0
1367.70 0.0
1367.85 0.0
1368.00 0.0
1368.15 0.0
1368.30 0.0
1368.45 0.0
1368.60 0.0
1368.75 0.0
1368.90 0.0
1369.05 0.0
1369.20 0.0
1369.35 0.0
1369.50 0.0
1369.65 0.0
1369.80 0.0
1369.95 0.0
1370.10 0.0
1370.25 0.0
1370.40 0.0
1370.55 0.0
1370.70 0.0
1370.85 0.0
1371.00 0.0
1371.15 0.0
1371.30 0.0
1371.45 0.0
1371.60 0.0
1371.75 0.0
1371.90 0.0
1372.05 0.0
1372.20 0.0
1372.35 0.0
1372.50 0.0
1372.65 0.0
1372.80 0.0
1372.95 0.0
1373.10 0.0
1373.25 0.0
1373.40 0.0
1373.55 0.0
1373.70 0.0
1373.85 0.0
1374.00 0.0
1374.15 0.0
1374.30 0.0
1374.45 0.0
1374.60 0.0
1374.75 0.0
1374.90 0.0
1375.05 0.0
1375.20 0.0
1375.35 0.0
1375.50 0.0
1375.65 0.0
1375.80 0.0
1375.95 0.0
1376.10 0.0
1376.25 0.0
1376.40 0.0
1376.55 0.0
1376.70 0.0
1376.85 0.0
1377.00 0.0
1377.15 0.0
1377.30 0.0
1377.45 0.0
1377.60 0.0
1377.75 0.0
1377.90 0.0
1378.05 0.0
1378.20 0.0
1378.35 0.0
1378.50 0.0
1378.65 0.0
1378.80 0.0
1378.95 0.0
1379.10 0.0
1379.25 0.0
1379.40 0.0
1379.55 0.0
1379.70 0.0
1379.85 0.0
1380.00 0.0
1380.15 0.0
1380.30 0.0
1380.45 0.0
1380.60 0.0
1380.75 0.0
1380.90 0.0
1381.05 0.0
1381.20 0.0
1381.35 0.0
1381.50 0.0
1381.65 0.0
1381.80 0.0
1381.95 0.0
1382.10 0.0
1382.25 0.0
1382.40 0.0
1382.55 0.0
1382.70 0.0
1382.85 0.0
1383.00 0.0
1383.15 0.0
1383.30 0.0
1383.45 0.0
1383.60 0.0
1383.75 0.0
1383.90 0.0
1384.05 0.0
1384.20 0.0
1384.35 0.0
1384.50 0.0
1384.65 0.0
1384.80 0.0
1384.95 0.0
1385.10 0.0
1385.25 0.0
1385.40 0.0
1385.55 0.0
1385.70 0.0
1385.85 0.0
1386.00 0.0
1386.15 0.0
1386.30 0.0
1386.45 0.0
1386.60 0.0
1386.75 0.0
1386.90 0.0
1387.05 0.0
1387.20 0.0
1387.35 0.0
1387.50 0.0
1387.65 0.0
1387.80 0.0
1387.95 0.0
1388.10 0.0
1388.25 0.0
1388.40 0.0
1388.55 0.0
1388.70 0.0
1388.85 0.0
1389.00 0.0
1389.15 0.0
1389.30 0.0
1389.45 0.0
1389.60 0.0
1389.75 0.0
1389.90 0.0
1390.05 0.0
1390.20 0.0
1390.35 0.0
1390.50 0.0
1390.65 0.0
1390.80 0.0
1390.95 0.0
1391.10 0.0
1391.25 2791.8
1391.40 0.0
1391.55 2791.8
1391.70 2791.8
1391.85 8375.5
1392.00 13959.2
1392.15 22334.7
1392.30 36293.9
1392.45 58628.6
1392.60 94922.5
1392.75 147967.4
1392.90 228930.7
1393.05 351771.6
1393.20 536032.9
1393.35 804049.3
1393.50 1197698.4
1393.65 1772817.0
1393.80 2590825.5
1393.95 3746646.3
1394.10 5357536.7
1394.25 7579839.6
1394.40 10608983.6
1394.55 14718568.8
1394.70 20215697.4
1394.85 27457724.6
1395.00 36885760.8
1395.15 49005128.6
1395.30 64393738.5
1395.45 83702088.6
1395.60 107728644.5
1395.75 137037357.6
1395.90 172270350.4
1396.05 213972031.4
1396.20 262527674.1
1396.35 318079662.3
1396.50 380580534.7
1396.65 449298829.9
1396.80 523008931.1
1396.95 600018984.5
1397.10 678075977.1
1397.25 754415989.4
1397.40 825873077.5
1397.55 888815060.3
1397.70 940159749.0
1397.85 977079011.8
1398.00 997434301.1
1398.15 1000000000.0
1398.30 984603014.6
1398.45 951846381.9
1398.60 903860274.1
1398.75 843567745.3
1398.90 774126364.2
1399.05 698861209.4
1399.20 620980102.6
1399.35 543389346.9
1399.50 468640682.1
1399.65 398540427.2
1399.80 334353284.7
1399.95 276838634.6
1400.10 226297995.2
1400.25 182683905.3
1400.40 145795352.7
1400.55 115060010.6
1400.70 89765960.2
1400.85 69240368.9
1401.00 52804819.8
1401.15 39819982.3
1401.30 29693986.7
1401.45 21955012.3
1401.60 16058650.9
1401.75 11619628.9
1401.90 8316884.8
1402.05 5885194.0
1402.20 4120752.6
1402.35 2858841.9
1402.50 1965453.8
1402.65 1334498.5
1402.80 898971.8
1402.95 597453.3
1403.10 393649.1
1403.25 256849.1
1403.40 164718.4
1403.55 103298.0
1403.70 67004.1
1403.85 41877.6
1404.00 25126.5
1404.15 16751.0
1404.30 8375.5
1404.45 5583.7
1404.60 2791.8
1404.75 0.0
1404.90 0.0
1405.05 2791.8
1405.20 0.0
1405.35 0.0
1405.50 0.0
1405.65 0.0
1405.80 0.0
1405.95 0.0
1406.10 0.0
1406.25 0.0
1406.40 0.0
1406.55 0.0
1406.70 0.0
1406.85 0.0
1407.00 0.0
1407.15 0.0
1407.30 0.0
1407.45 0.0
1407.60 0.0
1407.75 0.0
1407.90 0.0
1408.05 0.0
1408.20 0.0
1408.35 0.0
1408.50 0.0
1408.65 0.0
1408.80 0.0
1408.95 0.0
1409.10 0.0
1409.25 0.0
1409.40 0.0
1409.55 0.0
1409.70 0.0
1409.85 0.0
1410.00 0.0
1410.15 0.0
1410.30 0.0
1410.45 0.0
1410.60 0.0
1410.75 0.0
1410.90 0.0
1411.05 0.0
1411.20 0.0
1411.35 0.0
1411.50 0.0
1411.65 0.0
1411.80 0.0
1411.95 0.0
1412.10 0.0
1412.25 0.0
1412.40 0.0
1412.55 0.0
1412.70 0.0
1412.85 0.0
1413.00 0.0
1413.15 0.0
1413.30 0.0
1413.45 0.0
1413.60 0.0
1413.75 0.0
1413.90 0.0
1414.05 0.0
1414.20 0.0
1414.35 0.0
1414.50 0.0
1414.65 0.0
1414.80 0.0
1414.95 0.0
1415.10 0.0
1415.25 0.0
1415.40 0.0
1415.55 0.0
1415.70 0.0
1415.85 0.0
1416.00 0.0
1416.15 0.0
1416.30 0.0
1416.45 0.0
1416.60 0.0
1416.75 0.0
1416.90 0.0
1417.05 0.0
1417.20 0.0
1417.35 0.0
1417.50 0.0
1417.65 0.0
1417.80 0.0
1417.95 0.0
1418.10 0.0
1418.25 0.0
1418.40 0.0
1418.55 0.0
1418.70 0.0
1418.85 0.0
1419.00 0.0
1419.15 0.0
1419.30 0.0
1419.45 0.0
1419.60 0.0
1419.75 0.0
1419.90 0.0
1420.05 0.0
1420.20 0.0
1420.35 0.0
1420.50 0.0
1420.65 0.0
1420.80 0.0
1420.95 0.0
1421.10 0.0
1421.25 0.0
1421.40 0.0
1421.55 0.0
1421.70 0.0
1421.85 0.0
1422.00 0.0
1422.15 0.0
1422.30 0.0
1422.45 0.0
1422.60 0.0
1422.75 0.0
1422.90 0.0
1423.05 0.0
1423.20 0.0
1423.35 0.0
1423.50 0.0
1423.65 0.0
1423.80 0.0
1423.95 0.0
1424.10 0.0
1424.25 0.0
1424.40 0.0
1424.55 0.0
1424.70 0.0
1424.85 0.0
1425.00 0.0
1425.15 0.0
1425.30 0.0
1425.45 0.0
1425.60 0.0
1425.75 0.0
1425.90 0.0
1426.05 0.0
1426.20 0.0
1426.35 0.0
1426.50 0.0
1426.65 0.0
1426.80 0.0
1426.95 0.0
1427.10 0.0
1427.25 0.0
1427.40 0.0
1427.55 0.0
1427.70 0.0
1427.85 0.0
1428.00 0.0
1428.15 0.0
1428.30 0.0
1428.45 0.0
1428.60 0.0
1428.75 0.0
1428.90 0.0
1429.05 0.0
1429.20 0.0
1429.35 0.0
1429.50 0.0
1429.65 0.0
1429.80 0.0
1429.95 0.0
1430.10 0.0
1430.25 0.0
1430.40 0.0
1430.55 0.0
1430.70 0.0
1430.85 0.0
1431.00 0.0
1431.15 0.0
1431.30 0.0
1431.45 0.0
1431.60 0.0
1431.75 0.0
1431.90 0.0
1432.05 0.0
1432.20 0.0
1432.35 0.0
1432.50 0.0
1432.65 0.0
1432.80 0.0
1432.95 0.0
1433.10 0.0
1433.25 0.0
1433.40 0.0
1433.55 0.0
1433.70 0.0
1433.85 0.0
1434.00 0.0
1434.15 0.0
1434.30 0.0
1434.45 0.0
1434.60 0.0
1434.75 0.0
1434.90 0.0
1435.05 0.0
1435.20 0.0
1435.35 0.0
1435.50 0.0
1435.65 0.0
1435.80 0.0
1435.95 0.0
1436.10 0.0
1436.25 0.0
1436.40 0.0
1436.55 0.0
1436.70 0.0
1436.85 0.0
1437.00 0.0
1437.15 0.0
1437.30 0.0
1437.45 0.0
1437.60 0.0
1437.75 0.0
1437.90 0.0
1438.05 0.0
1438.20 0.0
1438.35 0.0
1438.50 0.0
1438.65 0.0
1438.80 0.0
1438.95 0.0
1439.10 0.0
1439.25 0.0
1439.40 0.0
1439.55 0.0
1439.70 0.0
1439.85 0.0
1440.00 0.0
1440.15 0.0
1440.30 0.0
1440.45 0.0
1440.60 0.0
1440.75 0.0
1440.90 0.0
1441.05 0.0
1441.20 0.0
1441.35 0.0
1441.50 0.0
1441.65 0.0
1441.80 0.0
1441.95 0.0
1442.10 0.0
1442.25 0.0
1442.40 0.0
1442.55 0.0
1442.70 0.0
1442.85 0.0
1443.00 0.0
1443.15 0.0
1443.30 0.0
1443.45 0.0
1443.60 0.0
1443.75 0.0
1443.90 0.0
1444.05 0.0
1444.20 0.0
1444.35 0.0
1444.50 0.0
1444.65 0.0
1444.80 0.0
1444.95 0.0
1445.10 0.0
1445.25 0.0
1445.40 0.0
1445.55 0.0
1445.70 0.0
1445.85 0.0
1446.00 0.0
1446.15 0.0
1446.30 0.0
1446.45 0.0
1446.60 0.0