886.60 0.0
886.75 0.0
886.90 0.0
887.05 0.0
887.20 0.0
887.35 0.0
887.50 0.0
887.65 0.0
887.80 0.0
887.95 0.0
888.10 0.0
888.25 0.0
888.40 0.0
888.55 0.0
888.70 0.0
888.85 0.0
889.00 0.0
889.15 0.0
889.30 0.0
889.45 0.0
889.60 0.0
889.75 0.0
889.90 0.0
890.05 0.0
890.20 0.0
890.35 0.0
890.50 0.0
890.65 0.0
890.80 0.0
890.95 0.0
891.10 0.0
891.25 0.0
891.40 0.0
891.55 0.0
891.70 0.0
891.85 0.0
892.00 0.0
892.15 0.0
892.30 0.0
892.45 0.0
892.60 0.0
892.75 0.0
892.90 0.0
893.05 0.0
893.20 0.0
893.35 0.0
893.50 0.0
893.65 0.0
893.80 0.0
893.95 0.0
894.10 0.0
894.25 0.0
894.40 0.0
894.55 0.0
894.70 0.0
894.85 0.0
895.00 0.0
895.15 0.0
895.30 0.0
895.45 0.0
895.60 0.0
895.75 0.0
895.90 0.0
896.05 0.0
896.20 0.0
896.35 0.0
896.50 0.0
896.65 0.0
896.80 0.0
896.95 0.0
897.10 0.0
897.25 0.0
897.40 0.0
897.55 0.0
897.70 0.0
897.85 0.0
898.00 0.0
898.15 0.0
898.30 0.0
898.45 0.0
898.60 0.0
898.75 0.0
898.90 0.0
899.05 0.0
899.20 0.0
899.35 0.0
899.50 0.0
899.65 0.0
899.80 0.0
899.95 0.0
900.10 0.0
900.25 0.0
900.40 0.0
900.55 0.0
900.70 0.0
900.85 0.0
901.00 0.0
901.15 0.0
901.30 0.0
901.45 0.0
901.60 0.0
901.75 0.0
901.90 0.0
902.05 0.0
902.20 0.0
902.35 0.0
902.50 0.0
902.65 0.0
902.80 0.0
902.95 0.0
903.10 0.0
903.25 0.0
903.40 0.0
903.55 0.0
903.70 0.0
903.85 0.0
904.00 0.0
904.15 0.0
904.30 0.0
904.45 0.0
904.60 0.0
904.75 0.0
904.90 0.0
905.05 0.0
905.20 0.0
905.35 0.0
905.50 0.0
905.65 0.0
905.80 0.0
905.95 0.0
906.10 0.0
906.25 0.0
906.40 0.0
906.55 0.0
906.70 0.0
906.85 0.0
907.00 0.0
907.15 0.0
907.30 0.0
907.45 0.0
907.60 0.0
907.75 0.0
907.90 0.0
908.05 0.0
908.20 0.0
908.35 0.0
908.50 0.0
908.65 0.0
908.80 0.0
908.95 0.0
909.10 0.0
909.25 0.0
909.40 0.0
909.55 0.0
909.70 0.0
909.85 0.0
910.00 0.0
910.15 0.0
910.30 0.0
910.45 0.0
910.60 0.0
910.75 0.0
910.90 0.0
911.05 0.0
911.20 0.0
911.35 0.0
911.50 0.0
911.65 0.0
911.80 0.0
911.95 0.0
912.10 0.0
912.25 0.0
912.40 0.0
912.55 0.0
912.70 0.0
912.85 0.0
913.00 0.0
913.15 0.0
913.30 0.0
913.45 0.0
913.60 0.0
913.75 0.0
913.90 0.0
914.05 0.0
914.20 0.0
914.35 0.0
914.50 0.0
914.65 0.0
914.80 0.0
914.95 0.0
915.10 0.0
915.25 0.0
915.40 0.0
915.55 0.0
915.70 0.0
915.85 0.0
916.00 0.0
916.15 0.0
916.30 0.0
916.45 0.0
916.60 0.0
916.75 0.0
916.90 0.0
917.05 0.0
917.20 0.0
917.35 0.0
917.50 0.0
917.65 0.0
917.80 0.0
917.95 0.0
918.10 0.0
918.25 0.0
918.40 0.0
918.55 0.0
918.70 0.0
918.85 0.0
919.00 0.0
919.15 0.0
919.30 0.0
919.45 0.0
919.60 0.0
919.75 0.0
919.90 0.0
920.05 0.0
920.20 0.0
920.35 0.0
920.50 0.0
920.65 0.0
920.80 0.0
920.95 0.0
921.10 0.0
921.25 0.0
921.40 0.0
921.55 0.0
921.70 0.0
921.85 0.0
922.00 0.0
922.15 0.0
922.30 0.0
922.45 0.0
922.60 0.0
922.75 0.0
922.90 0.0
923.05 0.0
923.20 0.0
923.35 0.0
923.50 0.0
923.65 0.0
923.80 0.0
923.95 0.0
924.10 0.0
924.25 0.0
924.40 0.0
924.55 0.0
924.70 0.0
924.85 0.0
925.00 0.0
925.15 0.0
925.30 0.0
925.45 0.0
925.60 0.0
925.75 0.0
925.90 0.0
926.05 0.0
926.20 0.0
926.35 0.0
926.50 0.0
926.65 0.0
926.80 0.0
926.95 0.0
927.10 0.0
927.25 0.0
927.40 0.0
927.55 0.0
927.70 0.0
927.85 0.0
928.00 0.0
928.15 0.0
928.30 0.0
928.45 0.0
928.60 0.0
928.75 0.0
928.90 0.0
929.05 0.0
929.20 0.0
929.35 0.0
929.50 0.0
929.65 0.0
929.80 0.0
929.95 0.0
930.10 0.0
930.25 0.0
930.40 0.0
930.55 0.0
930.70 0.0
930.85 0.0
931.00 0.0
931.15 0.0
931.30 0.0
931.45 0.0
931.60 0.0
931.75 0.0
931.90 0.0
932.05 0.0
932.20 0.0
932.35 0.0
932.50 0.0
932.65 0.0
932.80 0.0
932.95 0.0
933.10 0.0
933.25 0.0
933.40 0.0
933.55 0.0
933.70 0.0
933.85 0.0
934.00 0.0
934.15 0.0
934.30 0.0
934.45 0.0
934.60 0.0
934.75 0.0
934.90 0.0
935.05 0.0
935.20 0.0
935.35 0.0
935.50 0.0
935.65 0.0
935.80 0.0
935.95 0.0
936.10 0.0
936.25 0.0
936.40 0.0
936.55 0.0
936.70 0.0
936.85 0.0
937.00 0.0
937.15 0.0
937.30 0.0
937.45 0.0
937.60 0.0
937.75 0.0
937.90 0.0
938.05 0.0
938.20 0.0
938.35 0.0
938.50 0.0
938.65 0.0
938.80 0.0
938.95 0.0
939.10 0.0
939.25 0.0
939.40 0.0
939.55 0.0
939.70 0.0
939.85 0.0
940.00 0.0
940.15 0.0
940.30 0.0
940.45 0.0
940.60 0.0
940.75 0.0
940.90 0.0
941.05 0.0
941.20 0.0
941.35 0.0
941.50 0.0
941.65 0.0
941.80 0.0
941.95 0.0
942.10 0.0
942.25 0.0
942.40 0.0
942.55 0.0
942.70 0.0
942.85 0.0
943.00 0.0
943.15 0.0
943.30 0.0
943.45 0.0
943.60 0.0
943.75 0.0
943.90 0.0
944.05 0.0
944.20 0.0
944.35 0.0
944.50 0.0
944.65 0.0
944.80 0.0
944.95 0.0
945.10 0.0
945.25 0.0
945.40 0.0
945.55 0.0
945.70 0.0
945.85 0.0
946.00 0.0
946.15 0.0
946.30 0.0
946.45 0.0
946.60 0.0
946.75 0.0
946.90 0.0
947.05 0.0
947.20 0.0
947.35 0.0
947.50 0.0
947.65 0.0
947.80 0.0
947.95 0.0
948.10 0.0
948.25 0.0
948.40 0.0
948.55 0.0
948.70 0.0
948.85 0.0
949.00 0.0
949.15 0.0
949.30 0.0
949.45 0.0
949.60 0.0
949.75 0.0
949.90 0.0
950.05 0.0
950.20 0.0
950.35 0.0
950.50 0.0
950.65 0.0
950.80 0.0
950.95 0.0
951.10 0.0
951.25 0.0
951.40 0.0
951.55 0.0
951.70 0.0
951.85 0.0
952.00 0.0
952.15 0.0
952.30 0.0
952.45 0.0
952.60 0.0
952.75 0.0
952.90 0.0
953.05 0.0
953.20 0.0
953.35 13500.6
953.50 13500.6
953.65 54002.2
953.80 135005.6
953.95 310512.9
954.10 715529.7
954.25 1512062.8
954.40 3132130.0
954.55 6237258.8
954.70 11907494.2
954.85 21911409.3
955.00 38787109.7
955.15 66017739.7
955.30 108031483.3
955.45 169486033.7
955.60 254553064.0
955.75 365190155.4
955.90 498899704.3
956.05 646744339.9
956.20 792388384.1
956.35 913690918.2
956.50 987998001.9
956.65 1000000000.0
956.80 947118305.4
956.95 840639386.5
957.10 701327105.1
957.25 552051410.1
957.40 411632082.7
957.55 291936115.3
957.70 197648202.4
957.85 128039313.6
958.00 79518300.0
958.15 47413967.7
958.30 27163127.3
958.45 14958620.8
958.60 7924828.9
958.75 4036667.5
958.90 1984582.4
959.05 945039.2
959.20 432017.9
959.35 189007.8
959.50 81003.4
959.65 40501.7
959.80 13500.6
959.95 13500.6
960.10 0.0
960.25 0.0
960.40 0.0
960.55 0.0
960.70 0.0
960.85 0.0
961.00 0.0
961.15 0.0
961.30 0.0
961.45 0.0
961.60 0.0
961.75 0.0
961.90 0.0
962.05 0.0
962.20 0.0
962.35 0.0
962.50 0.0
962.65 0.0
962.80 0.0
962.95 0.0
963.10 0.0
963.25 0.0
963.40 0.0
963.55 0.0
963.70 0.0
963.85 0.0
964.00 0.0
964.15 0.0
964.30 0.0
964.45 0.0
964.60 0.0
964.75 0.0
964.90 0.0
965.05 0.0
965.20 0.0
965.35 0.0
965.50 0.0
965.65 0.0
965.80 0.0
965.95 0.0
966.10 0.0
966.25 0.0
966.40 0.0
966.55 0.0
966.70 0.0
966.85 0.0
967.00 0.0
967.15 0.0
967.30 0.0
967.45 0.0
967.60 0.0
967.75 0.0
967.90 0.0
968.05 0.0
968.20 0.0
968.35 0.0
968.50 0.0
968.65 0.0
968.80 0.0
968.95 0.0
969.10 0.0
969.25 0.0
969.40 0.0
969.55 0.0
969.70 0.0
969.85 0.0
970.00 0.0
970.15 0.0
970.30 0.0
970.45 0.0
970.60 0.0
970.75 0.0
970.90 0.0
971.05 0.0
971.20 0.0
971.35 0.0
971.50 0.0
971.65 0.0
971.80 0.0
971.95 0.0
972.10 0.0
972.25 0.0
972.40 0.0
972.55 0.0
972.70 0.0
972.85 0.0
973.00 0.0
973.15 0.0
973.30 0.0
973.45 0.0
973.60 0.0
973.75 0.0
973.90 0.0
974.05 0.0
974.20 0.0
974.35 0.0
974.50 0.0
974.65 0.0
974.80 0.0
974.95 0.0
975.10 0.0
975.25 0.0
975.40 0.0
975.55 0.0
975.70 0.0
975.85 0.0
976.00 0.0
976.15 0.0
976.30 0.0
976.45 0.0
976.60 0.0