1296.6 80995.9
1296.75 79055.8
1296.9 79563.9
1297.05 80095.9
1297.2 80143.5
1297.35 79683
1297.5 78340.1
1297.65 78555.8
1297.8 79111.6
1297.95 78851.7
1298.1 78838.8
1298.25 77876.9
1298.4 77774.8
1298.55 79883.7
1298.7 78246.9
1298.85 79207.5
1299 80723.1
1299.15 80065.3
1299.3 77501.4
1299.45 80357.1
1299.6 77599.3
1299.75 78844.9
1299.9 79925.2
1300.05 77817
1300.2 77706.1
1300.35 78185
1300.5 80566
1300.65 79330.6
1300.8 79378.9
1300.95 80335.4
1301.1 79312.2
1301.25 78951
1301.4 79130.6
1301.55 81084.4
1301.7 78542.9
1301.85 78746.3
1302 79476.9
1302.15 79587.8
1302.3 80550.3
1302.45 80384.4
1302.6 80151
1302.75 80077.6
1302.9 78743.5
1303.05 80253.7
1303.2 78629.9
1303.35 78691.2
1303.5 78037.4
1303.65 80292.5
1303.8 80930.6
1303.95 80039.5
1304.1 80682.3
1304.25 79618.4
1304.4 78402
1304.55 79013.6
1304.7 79444.2
1304.85 79104.8
1305 78798.6
1305.15 78793.9
1305.3 76325.9
1305.45 78055.8
1305.6 78217.7
1305.75 79906.8
1305.9 78263.9
1306.05 79444.9
1306.2 79176.2
1306.35 77785.7
1306.5 77100.7
1306.65 79529.3
1306.8 79236.7
1306.95 76136.7
1307.1 76991.8
1307.25 78279.6
1307.4 76989.8
1307.55 78782.3
1307.7 76474.1
1307.85 77333.3
1308 78329.9
1308.15 77000
1308.3 77044.2
1308.45 77436.7
1308.6 78779.6
1308.75 77005.4
1308.9 75963.3
1309.05 77972.1
1309.2 77757.8
1309.35 77714.3
1309.5 77772.1
1309.65 77128.6
1309.8 78175.5
1309.95 77293.9
1310.1 77261.2
1310.25 76415
1310.4 76698
1310.55 76832.7
1310.7 78468
1310.85 78256.5
1311 76479.6
1311.15 76406.8
1311.3 76239.5
1311.45 77192.5
1311.6 78684.4
1311.75 78200.7
1311.9 77038.8
1312.05 76351.7
1312.2 76749
1312.35 77821.8
1312.5 76053.7
1312.65 75191.8
1312.8 77607.5
1312.95 76804.1
1313.1 76115.6
1313.25 75506.8
1313.4 77430.6
1313.55 78323.1
1313.7 75883
1313.85 77800
1314 78361.2
1314.15 76924.5
1314.3 76272.8
1314.45 76534
1314.6 75689.8
1314.75 76432.7
1314.9 75935.4
1315.05 75087.1
1315.2 76612.9
1315.35 77149
1315.5 76295.2
1315.65 76957.8
1315.8 76803.4
1315.95 78091.8
1316.1 75791.8
1316.25 78081
1316.4 76308.2
1316.55 76650.3
1316.7 77621.8
1316.85 79150.3
1317 78259.2
1317.15 76307.5
1317.3 75358.5
1317.45 77338.1
1317.6 77024.5
1317.75 77331.3
1317.9 77819
1318.05 76911.6
1318.2 76540.8
1318.35 77967.3
1318.5 75555.8
1318.65 76399.3
1318.8 76790.5
1318.95 75855.8
1319.1 75591.2
1319.25 77425.9
1319.4 76854.4
1319.55 77578.9
1319.7 77181
1319.85 75829.3
1320 76339.5
1320.15 75829.3
1320.3 76270.1
1320.45 75927.9
1320.6 77042.9
1320.75 76068
1320.9 75595.9
1321.05 76170.1
1321.2 76115.6
1321.35 75052.4
1321.5 76687.8
1321.65 76976.9
1321.8 76683.7
1321.95 76028.6
1322.1 76873.5
1322.25 76811.6
1322.4 76334.7
1322.55 76549
1322.7 75989.8
1322.85 78099.3
1323 77874.8
1323.15 78300.7
1323.3 77849
1323.45 78593.2
1323.6 77066.7
1323.75 76634
1323.9 76382.3
1324.05 76716.3
1324.2 77286.4
1324.35 77862.6
1324.5 76617
1324.65 76866
1324.8 75774.1
1324.95 77568
1325.1 76174.1
1325.25 77100.7
1325.4 78304.1
1325.55 76674.1
1325.7 76529.3
1325.85 75323.1
1326 77917.7
1326.15 76189.8
1326.3 76197.3
1326.45 74425.9
1326.6 74661.2
1326.75 74427.9
1326.9 76244.9
1327.05 77177.6
1327.2 75715.6
1327.35 77230.6
1327.5 76801.4
1327.65 75610.2
1327.8 75010.2
1327.95 75794.6
1328.1 76310.9
1328.25 74956.5
1328.4 75378.9
1328.55 75401.4
1328.7 75396.6
1328.85 75177.6
1329 73969.4
1329.15 75114.3
1329.3 75717.7
1329.45 75724.5
1329.6 75933.3
1329.75 75665.3
1329.9 74486.4
1330.05 74824.5
1330.2 75100.7
1330.35 75336.1
1330.5 75278.9
1330.65 75689.8
1330.8 76101.4
1330.95 74353.7
1331.1 75145.6
1331.25 74898.6
1331.4 75038.8
1331.55 74656.5
1331.7 74037.4
1331.85 74519.7
1332 74519.7
1332.15 75446.9
1332.3 78029.3
1332.45 75391.8
1332.6 75137.4
1332.75 75010.9
1332.9 75180.3
1333.05 74697.3
1333.2 75227.9
1333.35 74994.6
1333.5 74461.9
1333.65 73579.6
1333.8 74890.5
1333.95 75557.8
1334.1 75849
1334.25 74278.9
1334.4 75367.3
1334.55 75780.3
1334.7 74771.4
1334.85 73132.7
1335 74068.7
1335.15 74400
1335.3 75062.6
1335.45 74523.1
1335.6 76940.1
1335.75 74661.9
1335.9 74445.6
1336.05 75072.1
1336.2 74593.2
1336.35 74070.7
1336.5 74922.4
1336.65 74115.6
1336.8 74571.4
1336.95 75544.2
1337.1 74412.2
1337.25 73908.8
1337.4 73906.1
1337.55 73908.8
1337.7 74072.8
1337.85 74825.2
1338 75132.7
1338.15 75449.7
1338.3 74319
1338.45 74596.6
1338.6 75270.1
1338.75 74613.6
1338.9 75468.7
1339.05 74849
1339.2 73963.9
1339.35 75981
1339.5 74358.5
1339.65 73232.7
1339.8 74338.8
1339.95 73973.5
1340.1 75127.2
1340.25 75088.4
1340.4 74092.5
1340.55 75328.6
1340.7 75127.9
1340.85 74218.4
1341 75273.5
1341.15 75585.7
1341.3 73940.1
1341.45 75079.6
1341.6 72763.3
1341.75 73050.3
1341.9 72632.7
1342.05 73858.5
1342.2 75272.1
1342.35 75365.3
1342.5 73211.6
1342.65 73092.5
1342.8 74846.3
1342.95 73845.6
1343.1 75000
1343.25 73574.8
1343.4 74681.6
1343.55 73110.2
1343.7 73725.9
1343.85 74129.9
1344 74333.3
1344.15 73515
1344.3 73558.5
1344.45 74136.1
1344.6 73368
1344.75 73019.7
1344.9 72769.4
1345.05 72244.2
1345.2 72247.6
1345.35 74141.5
1345.5 73532.7
1345.65 73014.3
1345.8 73429.3
1345.95 75078.2
1346.1 74385.7
1346.25 71776.9
1346.4 72035.4
1346.55 74444.2
1346.7 73441.5
1346.85 72600
1347 73202.7
1347.15 73976.9
1347.3 71734
1347.45 72510.2
1347.6 73714.3
1347.75 72167.3
1347.9 72923.1
1348.05 73263.3
1348.2 72400
1348.35 72749
1348.5 74027.2
1348.65 73480.3
1348.8 72363.3
1348.95 73151.7
1349.1 72215
1349.25 71640.1
1349.4 72563.9
1349.55 73968
1349.7 72059.2
1349.85 72646.3
1350 73413.6
1350.15 74077.6
1350.3 73583
1350.45 74439.5
1350.6 72583.7
1350.75 73406.8
1350.9 73876.2
1351.05 74043.5
1351.2 75217.7
1351.35 72798.6
1351.5 72327.2
1351.65 73207.5
1351.8 73736.7
1351.95 72915.6
1352.1 72762.6
1352.25 71213.6
1352.4 72713.6
1352.55 72643.5
1352.7 74695.9
1352.85 73355.8
1353 73298
1353.15 72708.8
1353.3 71647.6
1353.45 72908.2
1353.6 72487.8
1353.75 72612.2
1353.9 73276.2
1354.05 73723.8
1354.2 73122.4
1354.35 71692.5
1354.5 73651
1354.65 72342.9
1354.8 72672.8
1354.95 70335.4
1355.1 71998
1355.25 73526.5
1355.4 71500.7
1355.55 71321.8
1355.7 72079.6
1355.85 72359.9
1356 71171.4
1356.15 72637.4
1356.3 72177.6
1356.45 72088.4
1356.6 71171.4
1356.75 71513.6
1356.9 71395.9
1357.05 70794.6
1357.2 71698
1357.35 71687.8
1357.5 71832.7
1357.65 70549
1357.8 72372.1
1357.95 71084.4
1358.1 71915.6
1358.25 71893.9
1358.4 72098
1358.55 70761.9
1358.7 73266
1358.85 71447.6
1359 72457.8
1359.15 72270.1
1359.3 71606.8
1359.45 71136.1
1359.6 71574.8
1359.75 70473.5
1359.9 70004.1
1360.05 71155.1
1360.2 72166
1360.35 72323.8
1360.5 71562.6
1360.65 71374.1
1360.8 72127.2
1360.95 71839.5
1361.1 71185.7
1361.25 71598.6
1361.4 71911.6
1361.55 72682.3
1361.7 71198.6
1361.85 71462.6
1362 69163.3
1362.15 70780.3
1362.3 72288.4
1362.45 71086.4
1362.6 70532.7
1362.75 71379.6
1362.9 73107.5
1363.05 71991.2
1363.2 70444.9
1363.35 71013.6
1363.5 71999.3
1363.65 71670.7
1363.8 71384.4
1363.95 72289.1
1364.1 72371.4
1364.25 70255.8
1364.4 70849
1364.55 70971.4
1364.7 70538.8
1364.85 70338.1
1365 70605.4
1365.15 70442.9
1365.3 69895.9
1365.45 71621.1
1365.6 71264.6
1365.75 71785.7
1365.9 71241.5
1366.05 70636.7
1366.2 71131.3
1366.35 70208.2
1366.5 69616.3
1366.65 69495.9
1366.8 68238.1
1366.95 70191.2
1367.1 71129.9
1367.25 71341.5
1367.4 71747.6
1367.55 70397.3
1367.7 69915
1367.85 70201.4
1368 71243.5
1368.15 70300
1368.3 70487.8
1368.45 70343.5
1368.6 70008.2
1368.75 71090.5
1368.9 70923.8
1369.05 71688.4
1369.2 69806.8
1369.35 70531.3
1369.5 70509.5
1369.65 71051.7
1369.8 70270.7
1369.95 71346.3
1370.1 70450.3
1370.25 70417
1370.4 71081
1370.55 69976.2
1370.7 71141.5
1370.85 70367.3
1371 70908.2
1371.15 73161.9
1371.3 72087.1
1371.45 71682.3
1371.6 70689.1
1371.75 73357.8
1371.9 74379.6
1372.05 74365.3
1372.2 73549.7
1372.35 71753.1
1372.5 74157.1
1372.65 74955.1
1372.8 73981.6
1372.95 74970.7
1373.1 73200.7
1373.25 73692.5
1373.4 75146.9
1373.55 74861.9
1373.7 74049
1373.85 74706.8
1374 75921.8
1374.15 77576.9
1374.3 74889.8
1374.45 76708.2
1374.6 75114.3
1374.75 76098.6
1374.9 77276.2
1375.05 76925.9
1375.2 77814.3
1375.35 75862.6
1375.5 74427.9
1375.65 76933.3
1375.8 77607.5
1375.95 77410.2
1376.1 77725.9
1376.25 78272.1
1376.4 75878.2
1376.55 77544.2
1376.7 77778.9
1376.85 76641.5
1377 76724.5
1377.15 78081
1377.3 76110.9
1377.45 75813.6
1377.6 75608.8
1377.75 75619.7
1377.9 74945.6
1378.05 74958.5
1378.2 75218.4
1378.35 74681.6
1378.5 76230.6
1378.65 76613.6
1378.8 74719.7
1378.95 74181
1379.1 72995.2
1379.25 74295.2
1379.4 73427.9
1379.55 72453.1
1379.7 72715.6
1379.85 73510.2
1380 72502.7
1380.15 73263.9
1380.3 71063.3
1380.45 69970.7
1380.6 71148.3
1380.75 70638.8
1380.9 71389.8
1381.05 69787.8
1381.2 70519
1381.35 69419.7
1381.5 69334.7
1381.65 67927.6
1381.8 67725.2
1381.95 66906
1382.1 69191.8
1382.25 65888.6
1382.4 65885.3
1382.55 67482.9
1382.7 66193.7
1382.85 64287.3
1383 65987.5
1383.15 65223.7
1383.3 66323.9
1383.45 64819.6
1383.6 64275.7
1383.75 64204.2
1383.9 64429.2
1384.05 64110.6
1384.2 64787.7
1384.35 63086.9
1384.5 62218.5
1384.65 63647.2
1384.8 62955
1384.95 62978.2
1385.1 63150.1
1385.25 63750.3
1385.4 61893.5
1385.55 61784.9
1385.7 61987.9
1385.85 61387.1
1386 62188.4
1386.15 59907.8
1386.3 61991.8
1386.45 59986.7
1386.6 59217.3
1386.75 59830.9
1386.9 59341.6
1387.05 59108.2
1387.2 58824.8
1387.35 58261.9
1387.5 57766.6
1387.65 57116.9
1387.8 56868.7
1387.95 57218.6
1388.1 56932.1
1388.25 55343.1
1388.4 54334.4
1388.55 54238.2
1388.7 53688.3
1388.85 54156.8
1389 51959.5
1389.15 53050.3
1389.3 52593.7
1389.45 52100.3
1389.6 52907.2
1389.75 51142.1
1389.9 52482.5
1390.05 50435
1390.2 50660.8
1390.35 49921.8
1390.5 49084.4
1390.65 49331.4
1390.8 50378.3
1390.95 48954.7
1391.1 49700.1
1391.25 48824.2
1391.4 48874.3
1391.55 48937.7
1391.7 49516.5
1391.85 47595.8
1392 47948.4
1392.15 49079.3
1392.3 49356.5
1392.45 48238
1392.6 47917.6
1392.75 49107.6
1392.9 48743.7
1393.05 46807.9
1393.2 47616.9
1393.35 48336.3
1393.5 46419.3
1393.65 46177.9
1393.8 46542.7
1393.95 46606.1
1394.1 45556.2
1394.25 45257.3
1394.4 45123.5
1394.55 44878.8
1394.7 46792.7
1394.85 46815.6
1395 46563.8
1395.15 46931
1395.3 47873.8
1395.45 47605.9
1395.6 49367.5
1395.75 50291.3
1395.9 52089.2
1396.05 52281.1
1396.2 54664.3
1396.35 57031.1
1396.5 58435
1396.65 60449
1396.8 66644
1396.95 69919
1397.1 73615.6
1397.25 80100
1397.4 86000
1397.55 90377.6
1397.7 97960.5
1397.85 106834
1398 117124
1398.15 130449
1398.3 152275
1398.45 192675
1398.6 247503
1398.75 318106
1398.9 369833
1399.05 365109
1399.2 302590
1399.35 212765
1399.5 140898
1399.65 96845.6
1399.8 74714.3
1399.95 64857.4
1400.1 57125
1400.25 53849.3
1400.4 52162.2
1400.55 51017.3
1400.7 50615.2
1400.85 50857.2
1401 51422.5
1401.15 53655
1401.3 55927.6
1401.45 61981
1401.6 70502.7
1401.75 87502.7
1401.9 114656
1402.05 153483
1402.2 216216
1402.35 306686
1402.5 405841
1402.65 449435
1402.8 403888
1402.95 295602
1403.1 189838
1403.25 116195
1403.4 75544.9
1403.55 54729
1403.7 44202.4
1403.85 37591
1404 35303.2
1404.15 31203.1
1404.3 29989
1404.45 29582.6
1404.6 27851.4
1404.75 27029.5
1404.9 26128.3
1405.05 26516.9
1405.2 25496.5
1405.35 26197.2
1405.5 24806.7
1405.65 24730.3
1405.8 25096.6
1405.95 24742.9
1406.1 24101.6
1406.25 24239.5
1406.4 23481.7
1406.55 24109.6
1406.7 23317.8
1406.85 23659
1407 23245.4
1407.15 22769.2
1407.3 22288.5
1407.45 22619.6
1407.6 22495.3
1407.75 22976
1407.9 22579.9
1408.05 23215.6
1408.2 22832.4
1408.35 22473.8
1408.5 22406.8
1408.65 22590.7
1408.8 21741.6
1408.95 21605.7
1409.1 21864.4
1409.25 22715.5
1409.4 22488.4
1409.55 22845.8
1409.7 22353.1
1409.85 22404.7
1410 23344.9
1410.15 22547.4
1410.3 22588.3
1410.45 22770.7
1410.6 23180.4
1410.75 22835.3
1410.9 22934.3
1411.05 23231.4
1411.2 22557.9
1411.35 23072.9
1411.5 23979.7
1411.65 23347.9
1411.8 23430.1
1411.95 22957.5
1412.1 22719.7
1412.25 23542.2
1412.4 23406.9
1412.55 23265
1412.7 23281.8
1412.85 22810.9
1413 22300.7
1413.15 22722.7
1413.3 22118.3
1413.45 22529.9
1413.6 23763.3
1413.75 22794.8
1413.9 23786.3
1414.05 23458.4
1414.2 22733.4
1414.35 22304.9
1414.5 22779.6
1414.65 21910.3
1414.8 22271.2
1414.95 22492
1415.1 22408.8
1415.25 21901.6
1415.4 23257.9
1415.55 23175.4
1415.7 21876.3
1415.85 23102
1416 22508.7
1416.15 21931.2
1416.3 22576.1
1416.45 20954
1416.6 21715.7
1416.75 21943.9
1416.9 21547.6
1417.05 21054.7
1417.2 21600.7
1417.35 21612.3
1417.5 20425
1417.65 20316.3
1417.8 21254.4
1417.95 20017.6
1418.1 19568
1418.25 19716.1
1418.4 20764.8
1418.55 20431.8
1418.7 20373.5
1418.85 19341.8
1419 19358.7
1419.15 19027.3
1419.3 18923.3
1419.45 18159.9
1419.6 18618.5
1419.75 19123.3
1419.9 17996.3
1420.05 17188.6
1420.2 18334.8
1420.35 18625.3
1420.5 18209.3
1420.65 18453.9
1420.8 18217.1
1420.95 17726.5
1421.1 18915
1421.25 18535.6
1421.4 18190.3
1421.55 18558.8
1421.7 18636.9
1421.85 18406.3
1422 18340.4
1422.15 18668.2
1422.3 18211.1
1422.45 18361.3
1422.6 18749.9
1422.75 17831.7
1422.9 18177.8
1423.05 18474.2
1423.2 19154.6
1423.35 19539.7
1423.5 19001.7
1423.65 19020.2
1423.8 18625.9
1423.95 18497.8
1424.1 20341.8
1424.25 18583
1424.4 18943.6
1424.55 19928.2
1424.7 19603.4
1424.85 18930.8
1425 19405.2
1425.15 19789.4
1425.3 19956
1425.45 20011.1
1425.6 21272
1425.75 21959.7
1425.9 21384.9
1426.05 21656.4
1426.2 22447.3
1426.35 21871.6
1426.5 23260.6
1426.65 22884.5
1426.8 24478.8
1426.95 25318
1427.1 25103.2
1427.25 25686.4
1427.4 25581.2
1427.55 26141.8
1427.7 27236.1
1427.85 27460.1
1428 27541.5
1428.15 26595.9
1428.3 25625
1428.45 23155.6
1428.6 22715.2
1428.75 22684.2
1428.9 21471.4
1429.05 21061.3
1429.2 20741.8
1429.35 21518.4
1429.5 20062.3
1429.65 20053.7
1429.8 19603.1
1429.95 19807.8
1430.1 19781.9
1430.25 19473.2
1430.4 19340.3
1430.55 19269
1430.7 18291.6
1430.85 17858.2
1431 18718.9
1431.15 17721.8
1431.3 17606.7
1431.45 18407.2
1431.6 17742.7
1431.75 16824.8
1431.9 16051.4
1432.05 15636.9
1432.2 15748.4
1432.35 16051.4
1432.5 15360.6
1432.65 14877.8
1432.8 14862.7
1432.95 14461.2
1433.1 14697.3
1433.25 13932
1433.4 14000.8
1433.55 13970.7
1433.7 14101.8
1433.85 14380.7
1434 13495.1
1434.15 14071.8
1434.3 14397.8
1434.45 14069
1434.6 14515.5
1434.75 14359.3
1434.9 14368
1435.05 15517.4
1435.2 15988
1435.35 17114.7
1435.5 18816.9
1435.65 21947.6
1435.8 24735.2
1435.95 27287.3
1436.1 31135.2
1436.25 35498.1
1436.4 40028.7
1436.55 42499.5
1436.7 45087.4
1436.85 44020.5
1437 43120.3
1437.15 40474.2
1437.3 34888.3
1437.45 29282.4
1437.6 24912.4
1437.75 20550.7
1437.9 16313.7
1438.05 14541.7
1438.2 13834.2
1438.35 12987.3
1438.5 12276.3
1438.65 12155.5
1438.8 11828.6
1438.95 11475.2
1439.1 11133.1
1439.25 11399.8
1439.4 11902.5
1439.55 11541
1439.7 11380.1
1439.85 11064.2
1440 11282.7
1440.15 11287.4
1440.3 11189.1
1440.45 11417.3
1440.6 11323.2
1440.75 10690.8
1440.9 11148.8
1441.05 11756.5
1441.2 10875.6
1441.35 11335.1
1441.5 10990.9
1441.65 10951.3
1441.8 10991.5
1441.95 10919.1
1442.1 11185.5
1442.25 11226.1
1442.4 11097.9
1442.55 10881
1442.7 11207.9
1442.85 10831.2
1443 10835.9
1443.15 11051.1
1443.3 10799.9
1443.45 10843.7
1443.6 10698.8
1443.75 11251.1
1443.9 10677.1
1444.05 11536.9
1444.2 11273.1
1444.35 10626.5
1444.5 10480.4
1444.65 10408.9
1444.8 10315.9
1444.95 10732.2
1445.1 10465.9
1445.25 10442.2
1445.4 10933.7
1445.55 10411
1445.7 10286.1
1445.85 10071.8
1446 11207.3
1446.15 10383
1446.3 10175.6
1446.45 10142.2
1446.6 10571.6
