886.6 141606
886.75 141150
886.9 140375
887.05 141488
887.2 142730
887.35 143945
887.5 143952
887.65 142269
887.8 141806
887.95 142192
888.1 142814
888.25 142713
888.4 141081
888.55 141719
888.7 141790
888.85 144477
889 142969
889.15 140910
889.3 142191
889.45 142038
889.6 143256
889.75 141186
889.9 142860
890.05 142200
890.2 144510
890.35 140747
890.5 141372
890.65 138833
890.8 141898
890.95 142670
891.1 143044
891.25 142693
891.4 140642
891.55 143354
891.7 145015
891.85 142444
892 144837
892.15 142526
892.3 142206
892.45 141419
892.6 139789
892.75 141198
892.9 142713
893.05 143207
893.2 143303
893.35 143880
893.5 142158
893.65 141815
893.8 144064
893.95 142501
894.1 143690
894.25 143286
894.4 142534
894.55 145265
894.7 144358
894.85 143453
895 145135
895.15 143433
895.3 144444
895.45 143033
895.6 142156
895.75 142269
895.9 143559
896.05 141738
896.2 143115
896.35 145756
896.5 143486
896.65 144504
896.8 142565
896.95 141831
897.1 143957
897.25 144538
897.4 143508
897.55 144003
897.7 144067
897.85 143850
898 141826
898.15 146432
898.3 147987
898.45 146059
898.6 144143
898.75 142523
898.9 142944
899.05 143893
899.2 142609
899.35 143376
899.5 144815
899.65 142673
899.8 143576
899.95 144592
900.1 144192
900.25 145744
900.4 145932
900.55 144717
900.7 143423
900.85 142951
901 142910
901.15 144351
901.3 142751
901.45 144158
901.6 142960
901.75 142813
901.9 143925
902.05 144763
902.2 144654
902.35 144963
902.5 144758
902.65 145033
902.8 143186
902.95 143560
903.1 145431
903.25 145965
903.4 144277
903.55 145315
903.7 142506
903.85 144649
904 146714
904.15 145565
904.3 143399
904.45 145274
904.6 144347
904.75 145148
904.9 145298
905.05 146250
905.2 146260
905.35 144697
905.5 144120
905.65 146041
905.8 145388
905.95 146648
906.1 146367
906.25 147115
906.4 148183
906.55 144617
906.7 147388
906.85 146603
907 147256
907.15 145831
907.3 145051
907.45 148039
907.6 147578
907.75 148490
907.9 145292
908.05 148039
908.2 146627
908.35 145793
908.5 145617
908.65 147252
908.8 147243
908.95 146186
909.1 148287
909.25 144314
909.4 147897
909.55 145135
909.7 147455
909.85 145151
910 148229
910.15 148009
910.3 147108
910.45 148079
910.6 147981
910.75 146694
910.9 145440
911.05 147002
911.2 147656
911.35 146980
911.5 145730
911.65 147586
911.8 148974
911.95 145733
912.1 148803
912.25 147531
912.4 145047
912.55 149294
912.7 148845
912.85 147959
913 148295
913.15 147493
913.3 147258
913.45 147586
913.6 146913
913.75 145713
913.9 147118
914.05 148358
914.2 148415
914.35 146367
914.5 149833
914.65 146978
914.8 145317
914.95 148244
915.1 147510
915.25 148834
915.4 148634
915.55 146987
915.7 147678
915.85 148676
916 146396
916.15 148380
916.3 147994
916.45 145193
916.6 146788
916.75 147568
916.9 147228
917.05 145783
917.2 147805
917.35 148210
917.5 146374
917.65 145840
917.8 146036
917.95 148001
918.1 148977
918.25 146342
918.4 146179
918.55 144722
918.7 146717
918.85 150016
919 148119
919.15 148740
919.3 146633
919.45 146155
919.6 146442
919.75 147005
919.9 148070
920.05 146728
920.2 147300
920.35 147288
920.5 144874
920.65 147926
920.8 148545
920.95 145329
921.1 146203
921.25 146215
921.4 146584
921.55 143496
921.7 146166
921.85 147181
922 148066
922.15 147835
922.3 148205
922.45 146772
922.6 146403
922.75 145042
922.9 146223
923.05 145093
923.2 147015
923.35 147763
923.5 147196
923.65 147522
923.8 147970
923.95 148724
924.1 145774
924.25 144531
924.4 147351
924.55 145569
924.7 146144
924.85 146636
925 148022
925.15 148197
925.3 146653
925.45 148019
925.6 147994
925.75 148959
925.9 147931
926.05 147789
926.2 148533
926.35 145481
926.5 145868
926.65 147365
926.8 148322
926.95 149033
927.1 148438
927.25 151113
927.4 146420
927.55 150642
927.7 149762
927.85 149402
928 150970
928.15 148501
928.3 146356
928.45 149718
928.6 148320
928.75 148714
928.9 147427
929.05 152538
929.2 151103
929.35 150481
929.5 150900
929.65 151478
929.8 149442
929.95 149546
930.1 148994
930.25 150460
930.4 149584
930.55 147390
930.7 150146
930.85 148810
931 151394
931.15 149955
931.3 151185
931.45 151780
931.6 150760
931.75 152271
931.9 155358
932.05 154169
932.2 154860
932.35 151594
932.5 154153
932.65 154255
932.8 154444
932.95 153396
933.1 155574
933.25 153482
933.4 152696
933.55 153785
933.7 155147
933.85 155560
934 154563
934.15 155535
934.3 152010
934.45 152364
934.6 152192
934.75 154190
934.9 152439
935.05 154783
935.2 153809
935.35 153351
935.5 151553
935.65 153625
935.8 153208
935.95 152665
936.1 154170
936.25 156289
936.4 153817
936.55 155384
936.7 153710
936.85 152467
937 152414
937.15 151672
937.3 153854
937.45 154835
937.6 155448
937.75 155232
937.9 153610
938.05 155325
938.2 157745
938.35 157275
938.5 158418
938.65 157813
938.8 159151
938.95 159981
939.1 159602
939.25 157908
939.4 161022
939.55 160076
939.7 162447
939.85 159528
940 161668
940.15 160943
940.3 160198
940.45 160658
940.6 161008
940.75 158410
940.9 158578
941.05 156615
941.2 157446
941.35 157465
941.5 153967
941.65 152604
941.8 152602
941.95 150719
942.1 148465
942.25 148069
942.4 148295
942.55 147672
942.7 147340
942.85 144810
943 146057
943.15 145501
943.3 144682
943.45 144710
943.6 143523
943.75 142595
943.9 141963
944.05 142992
944.2 140746
944.35 140265
944.5 142756
944.65 139763
944.8 139428
944.95 141196
945.1 140825
945.25 138799
945.4 137345
945.55 138793
945.7 138097
945.85 138990
946 137931
946.15 137221
946.3 138353
946.45 136276
946.6 140250
946.75 138692
946.9 137176
947.05 136000
947.2 135389
947.35 135452
947.5 135039
947.65 135265
947.8 135235
947.95 134203
948.1 135062
948.25 135972
948.4 133447
948.55 134063
948.7 136718
948.85 133897
949 132882
949.15 134229
949.3 134180
949.45 132847
949.6 133832
949.75 132700
949.9 131337
950.05 132208
950.2 132911
950.35 132945
950.5 133369
950.65 132001
950.8 129263
950.95 129760
951.1 130765
951.25 131855
951.4 134557
951.55 134502
951.7 134260
951.85 134427
952 136493
952.15 136324
952.3 141134
952.45 142558
952.6 145455
952.75 149028
952.9 155974
953.05 159316
953.2 162654
953.35 168016
953.5 171845
953.65 178457
953.8 183875
953.95 190116
954.1 198891
954.25 207713
954.4 210644
954.55 217355
954.7 219751
954.85 216792
955 214801
955.15 209598
955.3 204253
955.45 198383
955.6 196778
955.75 197944
955.9 202064
956.05 208297
956.2 212835
956.35 216161
956.5 215393
956.65 214530
956.8 205131
956.95 194002
957.1 178928
957.25 166028
957.4 157794
957.55 150549
957.7 142186
957.85 138592
958 135103
958.15 131921
958.3 129793
958.45 131395
958.6 130286
958.75 129231
958.9 129967
959.05 128894
959.2 129261
959.35 129069
959.5 129371
959.65 130790
959.8 129858
959.95 128467
960.1 128338
960.25 129990
960.4 130396
960.55 128806
960.7 129981
960.85 129451
961 128361
961.15 130326
961.3 128583
961.45 129373
961.6 129376
961.75 127572
961.9 126863
962.05 129711
962.2 128653
962.35 127913
962.5 127928
962.65 127895
962.8 127649
962.95 128332
963.1 129494
963.25 130631
963.4 129047
963.55 129830
963.7 129035
963.85 128358
964 127785
964.15 129513
964.3 129046
964.45 127123
964.6 128617
964.75 130624
964.9 128516
965.05 128117
965.2 128928
965.35 127313
965.5 127503
965.65 129660
965.8 129189
965.95 127551
966.1 128641
966.25 130260
966.4 133113
966.55 129401
966.7 130176
966.85 129385
967 130691
967.15 128481
967.3 127911
967.45 129429
967.6 128339
967.75 127716
967.9 129008
968.05 128238
968.2 130122
968.35 130867
968.5 130262
968.65 129520
968.8 129316
968.95 128723
969.1 129008
969.25 129565
969.4 128833
969.55 127563
969.7 131352
969.85 127446
970 129954
970.15 129208
970.3 129756
970.45 130023
970.6 129553
970.75 129010
970.9 127955
971.05 129578
971.2 129169
971.35 129660
971.5 131225
971.65 132017
971.8 130513
971.95 128294
972.1 129142
972.25 129333
972.4 129317
972.55 128240
972.7 130092
972.85 130624
973 128594
973.15 128733
973.3 130284
973.45 130361
973.6 128826
973.75 129980
973.9 131665
974.05 132034
974.2 131959
974.35 130026
974.5 130153
974.65 129090
974.8 129319
974.95 128192
975.1 128506
975.25 131802
975.4 130484
975.55 131362
975.7 130665
975.85 130406
976 129132
976.15 131524
976.3 131137
976.45 130947
976.6 130185
