606.6 149423
606.75 150747
606.9 149550
607.05 149704
607.2 149734
607.35 151417
607.5 149676
607.65 149523
607.8 149387
607.95 148883
608.1 149976
608.25 150577
608.4 150313
608.55 150298
608.7 148875
608.85 150137
609 150012
609.15 149226
609.3 148975
609.45 148854
609.6 151001
609.75 151000
609.9 150422
610.05 151184
610.2 149384
610.35 149927
610.5 150143
610.65 152034
610.8 149007
610.95 150905
611.1 149957
611.25 150738
611.4 150262
611.55 149202
611.7 149014
611.85 149181
612 150040
612.15 149014
612.3 149628
612.45 148992
612.6 149713
612.75 149705
612.9 149305
613.05 149722
613.2 148920
613.35 148638
613.5 150192
613.65 149359
613.8 150123
613.95 149518
614.1 149728
614.25 150219
614.4 148785
614.55 150261
614.7 150291
614.85 149744
615 148385
615.15 148797
615.3 149715
615.45 149680
615.6 148323
615.75 148198
615.9 149934
616.05 149287
616.2 149471
616.35 148241
616.5 148850
616.65 148489
616.8 149498
616.95 150326
617.1 148602
617.25 149141
617.4 147674
617.55 149264
617.7 148142
617.85 149554
618 149860
618.15 150720
618.3 148358
618.45 147847
618.6 147778
618.75 148379
618.9 148604
619.05 148791
619.2 148482
619.35 148825
619.5 149549
619.65 148951
619.8 149131
619.95 147735
620.1 148013
620.25 148217
620.4 147661
620.55 147574
620.7 147249
620.85 148650
621 148691
621.15 148752
621.3 148749
621.45 149369
621.6 148803
621.75 149859
621.9 147775
622.05 147560
622.2 147907
622.35 147956
622.5 149169
622.65 147429
622.8 148122
622.95 148085
623.1 148125
623.25 148004
623.4 148695
623.55 147563
623.7 148521
623.85 147495
624 148430
624.15 148875
624.3 147738
624.45 147511
624.6 149119
624.75 147643
624.9 145924
625.05 147940
625.2 147717
625.35 147825
625.5 147940
625.65 149214
625.8 148047
625.95 147510
626.1 147782
626.25 148225
626.4 147124
626.55 147430
626.7 147064
626.85 146744
627 148201
627.15 148591
627.3 148380
627.45 147791
627.6 147352
627.75 147857
627.9 147929
628.05 148659
628.2 148013
628.35 148077
628.5 147348
628.65 148545
628.8 146989
628.95 147448
629.1 147586
629.25 147602
629.4 147049
629.55 147371
629.7 148728
629.85 147726
630 147055
630.15 146835
630.3 147523
630.45 147365
630.6 148022
630.75 147404
630.9 148240
631.05 146933
631.2 146940
631.35 147194
631.5 146757
631.65 147259
631.8 148418
631.95 147524
632.1 146428
632.25 145969
632.4 146270
632.55 145791
632.7 147086
632.85 146842
633 146564
633.15 146486
633.3 145242
633.45 146954
633.6 146559
633.75 146873
633.9 146710
634.05 146244
634.2 146942
634.35 145900
634.5 146853
634.65 146645
634.8 145187
634.95 145927
635.1 145139
635.25 146220
635.4 145572
635.55 144842
635.7 146101
635.85 146661
636 146513
636.15 144724
636.3 145616
636.45 147475
636.6 146287
636.75 146326
636.9 146927
637.05 144996
637.2 144880
637.35 144578
637.5 146132
637.65 146104
637.8 146589
637.95 146112
638.1 144917
638.25 145850
638.4 145316
638.55 146836
638.7 145866
638.85 146063
639 145363
639.15 145791
639.3 146351
639.45 146103
639.6 145828
639.75 145570
639.9 146206
640.05 145048
640.2 145142
640.35 144802
640.5 145570
640.65 145706
640.8 145315
640.95 145340
641.1 145310
641.25 144774
641.4 144964
641.55 144484
641.7 144354
641.85 144521
642 144730
642.15 145825
642.3 144708
642.45 144482
642.6 144125
642.75 144531
642.9 144234
643.05 144934
643.2 144420
643.35 144355
643.5 145128
643.65 144448
643.8 144367
643.95 144570
644.1 143575
644.25 144026
644.4 144657
644.55 144672
644.7 143782
644.85 143348
645 143938
645.15 143715
645.3 144441
645.45 143864
645.6 144797
645.75 144539
645.9 144298
646.05 144130
646.2 143164
646.35 143157
646.5 145005
646.65 144853
646.8 144620
646.95 145128
647.1 143752
647.25 143692
647.4 144078
647.55 144500
647.7 143046
647.85 143564
648 144049
648.15 145280
648.3 144739
648.45 144193
648.6 143905
648.75 144164
648.9 143665
649.05 145143
649.2 143196
649.35 143268
649.5 143469
649.65 143122
649.8 142203
649.95 142716
650.1 144654
650.25 143881
650.4 143829
650.55 144241
650.7 142972
650.85 143572
651 142703
651.15 143103
651.3 143679
651.45 143010
651.6 143493
651.75 143182
651.9 143253
652.05 143470
652.2 142384
652.35 142028
652.5 144216
652.65 143219
652.8 142421
652.95 142979
653.1 141658
653.25 141901
653.4 142936
653.55 143530
653.7 144393
653.85 142868
654 142609
654.15 142165
654.3 143347
654.45 143801
654.6 142675
654.75 142881
654.9 142806
655.05 144579
655.2 143243
655.35 143742
655.5 143241
655.65 143930
655.8 142205
655.95 142128
656.1 142281
656.25 143439
656.4 142973
656.55 143646
656.7 141574
656.85 141137
657 141076
657.15 141831
657.3 142621
657.45 142972
657.6 140753
657.75 142268
657.9 140775
658.05 142486
658.2 141619
658.35 141264
658.5 142623
658.65 142115
658.8 141176
658.95 141611
659.1 141895
659.25 142227
659.4 141029
659.55 141560
659.7 141548
659.85 142645
660 140252
660.15 140508
660.3 140839
660.45 141489
660.6 141064
660.75 141258
660.9 140982
661.05 138624
661.2 139466
661.35 139428
661.5 140518
661.65 141571
661.8 140461
661.95 140420
662.1 142177
662.25 141211
662.4 141000
662.55 140324
662.7 140019
662.85 139098
663 141358
663.15 140167
663.3 141354
663.45 140777
663.6 140621
663.75 139893
663.9 138537
664.05 140321
664.2 140956
664.35 139266
664.5 139049
664.65 140405
664.8 141361
664.95 141046
665.1 139705
665.25 139766
665.4 141240
665.55 140478
665.7 140232
665.85 139643
666 140355
666.15 139029
666.3 139434
666.45 140039
666.6 140652
666.75 139723
666.9 140192
667.05 139586
667.2 139428
667.35 140091
667.5 139199
667.65 137714
667.8 139281
667.95 140386
668.1 139608
668.25 139826
668.4 138781
668.55 139361
668.7 138590
668.85 140417
669 139160
669.15 140167
669.3 140246
669.45 139963
669.6 139301
669.75 139316
669.9 138476
670.05 138552
670.2 138174
670.35 138921
670.5 138761
670.65 140051
670.8 137736
670.95 138992
671.1 140133
671.25 139585
671.4 138698
671.55 138829
671.7 138443
671.85 139426
672 138073
672.15 138005
672.3 138399
672.45 138479
672.6 138487
672.75 138823
672.9 137669
673.05 139019
673.2 138669
673.35 138011
673.5 137832
673.65 137484
673.8 137829
673.95 137035
674.1 137957
674.25 138237
674.4 139695
674.55 138285
674.7 137548
674.85 136517
675 136951
675.15 137277
675.3 137410
675.45 137617
675.6 138361
675.75 137859
675.9 136939
676.05 136419
676.2 138896
676.35 137118
676.5 137423
676.65 136978
676.8 136392
676.95 137467
677.1 136083
677.25 135911
677.4 136213
677.55 137851
677.7 138023
677.85 137810
678 135440
678.15 137339
678.3 136938
678.45 136630
678.6 137414
678.75 135426
678.9 135470
679.05 136022
679.2 136453
679.35 136900
679.5 136088
679.65 136511
679.8 136572
679.95 137005
680.1 136998
680.25 137427
680.4 137142
680.55 136991
680.7 136507
680.85 135164
681 135388
681.15 136704
681.3 136513
681.45 136381
681.6 135754
681.75 136677
681.9 136444
682.05 136633
682.2 136528
682.35 135990
682.5 135698
682.65 136139
682.8 135774
682.95 136444
683.1 136767
683.25 135941
683.4 136001
683.55 136847
683.7 137577
683.85 136727
684 136353
684.15 136690
684.3 136203
684.45 136474
684.6 135785
684.75 135769
684.9 134972
685.05 135412
685.2 135161
685.35 135475
685.5 136546
685.65 135999
685.8 136584
685.95 135398
686.1 136055
686.25 136206
686.4 134646
686.55 135114
686.7 135380
686.85 135590
687 135086
687.15 134742
687.3 134713
687.45 134671
687.6 135387
687.75 135295
687.9 135593
688.05 134680
688.2 135258
688.35 135011
688.5 135007
688.65 136337
688.8 134964
688.95 133657
689.1 134916
689.25 135546
689.4 135762
689.55 133986
689.7 133861
689.85 134725
690 135169
690.15 134591
690.3 133840
690.45 134153
690.6 134915
690.75 133964
690.9 134464
691.05 135103
691.2 134783
691.35 135299
691.5 133191
691.65 134233
691.8 135490
691.95 134375
692.1 134351
692.25 135669
692.4 135388
692.55 135304
692.7 136410
692.85 136438
693 135014
693.15 135499
693.3 136895
693.45 136235
693.6 135003
693.75 135351
693.9 135705
694.05 135339
694.2 134910
694.35 132270
694.5 133082
694.65 133413
694.8 132998
694.95 133103
695.1 133036
695.25 132305
695.4 132573
695.55 130673
695.7 132529
695.85 131490
696 131755
696.15 131494
696.3 131164
696.45 132306
696.6 132050
696.75 131302
696.9 132258
697.05 130667
697.2 131425
697.35 131504
697.5 131009
697.65 131866
697.8 130929
697.95 130610
698.1 131507
698.25 132385
698.4 131558
698.55 131824
698.7 131809
698.85 130155
699 130379
699.15 130064
699.3 130549
699.45 131059
699.6 131165
699.75 131000
699.9 131038
700.05 131316
700.2 130177
700.35 131402
700.5 131172
700.65 132160
700.8 131136
700.95 130239
701.1 130430
701.25 131649
701.4 130964
701.55 130362
701.7 131633
701.85 130762
702 130834
702.15 130898
702.3 131986
702.45 131317
702.6 131431
702.75 131953
702.9 130581
703.05 132109
703.2 132582
703.35 130360
703.5 131636
703.65 131460
703.8 131094
703.95 131359
704.1 130959
704.25 133090
704.4 131567
704.55 131505
704.7 132287
704.85 131581
705 131956
705.15 132776
705.3 131426
705.45 131824
705.6 132024
705.75 131641
705.9 132058
706.05 132371
706.2 131898
706.35 131362
706.5 132253
706.65 132083
706.8 131952
706.95 133222
707.1 132610
707.25 133429
707.4 133049
707.55 133609
707.7 133587
707.85 133900
708 134993
708.15 137964
708.3 140382
708.45 139762
708.6 141005
708.75 140475
708.9 140004
709.05 136138
709.2 133283
709.35 131467
709.5 130933
709.65 129135
709.8 129994
709.95 128610
710.1 128466
710.25 129511
710.4 129141
710.55 128760
710.7 129526
710.85 129599
711 129539
711.15 129842
711.3 128734
711.45 129227
711.6 130130
711.75 129859
711.9 128626
712.05 129102
712.2 128971
712.35 129224
712.5 128776
712.65 127359
712.8 128613
712.95 128733
713.1 128884
713.25 129139
713.4 127644
713.55 128608
713.7 129041
713.85 129217
714 128829
714.15 127300
714.3 128077
714.45 129127
714.6 128852
714.75 129999
714.9 129973
715.05 127547
715.2 129108
715.35 130113
715.5 129055
715.65 129590
715.8 128982
715.95 128339
716.1 129052
716.25 130141
716.4 129944
716.55 128439
716.7 128621
716.85 129530
717 128774
717.15 129373
717.3 128486
717.45 128865
717.6 128875
717.75 129135
717.9 128857
718.05 128523
718.2 129452
718.35 128369
718.5 127919
718.65 128206
718.8 128738
718.95 128492
719.1 129577
719.25 129714
719.4 129286
719.55 128748
719.7 129027
719.85 129549
720 128816
720.15 129539
720.3 128641
720.45 128886
720.6 128241
720.75 128513
720.9 129219
721.05 129161
721.2 128117
721.35 128826
721.5 130719
721.65 129013
721.8 128702
721.95 128414
722.1 129465
722.25 129534
722.4 128555
722.55 128732
722.7 128966
722.85 129815
723 129347
723.15 128337
723.3 129457
723.45 129924
723.6 130347
723.75 129879
723.9 128540
724.05 130307
724.2 131227
724.35 130680
724.5 130663
724.65 129489
724.8 128710
724.95 130226
725.1 130366
725.25 130516
725.4 130462
725.55 130022
725.7 130678
725.85 130072
726 130859
726.15 129974
726.3 129203
726.45 129388
726.6 129405
726.75 129844
726.9 130038
727.05 129386
727.2 129029
727.35 128737
727.5 129574
727.65 130081
727.8 129791
727.95 128519
728.1 130186
728.25 129586
728.4 128544
728.55 129454
728.7 129454
728.85 128576
729 128646
729.15 128949
729.3 128915
729.45 126836
729.6 128162
729.75 128309
729.9 128255
730.05 127095
730.2 128136
730.35 127940
730.5 128662
730.65 128758
730.8 128602
730.95 127862
731.1 126882
731.25 129144
731.4 127758
731.55 126988
731.7 127574
731.85 125779
732 126497
732.15 127156
732.3 128165
732.45 127582
732.6 127474
732.75 127052
732.9 127451
733.05 128049
733.2 127620
733.35 127240
733.5 126635
733.65 127372
733.8 126661
733.95 127161
734.1 127019
734.25 128001
734.4 128486
734.55 128410
734.7 127186
734.85 126623
735 126646
735.15 127039
735.3 127967
735.45 128553
735.6 128851
735.75 126676
735.9 127980
736.05 126553
736.2 126682
736.35 127209
736.5 127479
736.65 128426
736.8 128236
736.95 127428
737.1 126318
737.25 126812
737.4 126318
737.55 127033
737.7 127238
737.85 127647
738 127126
738.15 126864
738.3 126632
738.45 126006
738.6 126037
738.75 127358
738.9 126409
739.05 126655
739.2 125261
739.35 126689
739.5 127611
739.65 127003
739.8 126134
739.95 126918
740.1 126410
740.25 126848
740.4 126506
740.55 126988
740.7 127074
740.85 126200
741 127221
741.15 127087
741.3 126447
741.45 127516
741.6 127042
741.75 127462
741.9 126906
742.05 127297
742.2 126908
742.35 126558
742.5 127438
742.65 128296
742.8 128083
742.95 126566
743.1 127966
743.25 127666
743.4 126967
743.55 128710
743.7 127962
743.85 126939
744 127341
744.15 127820
744.3 126821
744.45 127722
744.6 127671
744.75 127025
744.9 126767
745.05 127553
745.2 127739
745.35 126796
745.5 127404
745.65 127464
745.8 127405
745.95 127388
746.1 127179
746.25 127774
746.4 127087
746.55 127976
