156.6 139640
156.75 140787
156.9 138790
157.05 139193
157.2 138562
157.35 140979
157.5 141033
157.65 138321
157.8 140272
157.95 142081
158.1 138102
158.25 141643
158.4 141545
158.55 138359
158.7 140408
158.85 141464
159 140310
159.15 135682
159.3 138030
159.45 139446
159.6 138211
159.75 141284
159.9 139750
160.05 140987
160.2 139251
160.35 137359
160.5 138877
160.65 140162
160.8 138559
160.95 139012
161.1 139380
161.25 142525
161.4 138426
161.55 137709
161.7 141217
161.85 141278
162 141764
162.15 142320
162.3 140906
162.45 136971
162.6 140124
162.75 139087
162.9 139712
163.05 140050
163.2 138608
163.35 141641
163.5 137446
163.65 140622
163.8 140120
163.95 137840
164.1 138579
164.25 136134
164.4 139614
164.55 135128
164.7 137667
164.85 137854
165 136368
165.15 137570
165.3 136034
165.45 136028
165.6 135794
165.75 136234
165.9 137064
166.05 134896
166.2 136747
166.35 137862
166.5 136384
166.65 135231
166.8 139526
166.95 137259
167.1 136023
167.25 134353
167.4 133275
167.55 134089
167.7 132001
167.85 132195
168 133970
168.15 134398
168.3 133295
168.45 133910
168.6 133995
168.75 132952
168.9 133877
169.05 131600
169.2 131211
169.35 132082
169.5 135063
169.65 134121
169.8 135441
169.95 135061
170.1 132933
170.25 136311
170.4 132030
170.55 134459
170.7 131016
170.85 131636
171 132554
171.15 131745
171.3 132641
171.45 130712
171.6 129336
171.75 133531
171.9 131655
172.05 131779
172.2 129853
172.35 129152
172.5 132135
172.65 132893
172.8 133367
172.95 129724
173.1 129436
173.25 131072
173.4 129064
173.55 130295
173.7 128126
173.85 130215
174 129840
174.15 130493
174.3 131731
174.45 131575
174.6 130234
174.75 129761
174.9 132172
175.05 131633
175.2 129629
175.35 128575
175.5 129645
175.65 129453
175.8 131379
175.95 130350
176.1 128981
176.25 128334
176.4 127972
176.55 128374
176.7 128846
176.85 128896
177 129980
177.15 131679
177.3 132304
177.45 129678
177.6 129540
177.75 131629
177.9 129535
178.05 128864
178.2 128932
178.35 130215
178.5 131740
178.65 133105
178.8 129110
178.95 132283
179.1 130944
179.25 132386
179.4 133253
179.55 132334
179.7 131333
179.85 130920
180 132132
180.15 132490
180.3 136718
180.45 136260
180.6 136092
180.75 139378
180.9 140408
181.05 142078
181.2 146601
181.35 150409
181.5 154975
181.65 161404
181.8 161658
181.95 171479
182.1 175269
182.25 177513
182.4 172865
182.55 170267
182.7 168487
182.85 162275
183 158759
183.15 157364
183.3 153995
183.45 151022
183.6 148236
183.75 145361
183.9 144475
184.05 138614
184.2 135060
184.35 133368
184.5 130374
184.65 130461
184.8 129809
184.95 129813
185.1 128096
185.25 128353
185.4 131033
185.55 127381
185.7 130253
185.85 128612
186 129168
186.15 127555
186.3 127225
186.45 123870
186.6 126618
186.75 125237
186.9 124332
187.05 126655
187.2 125998
187.35 124860
187.5 124348
187.65 124365
187.8 125297
187.95 127596
188.1 126333
188.25 127019
188.4 124412
188.55 122879
188.7 124743
188.85 124982
189 125098
189.15 124486
189.3 121715
189.45 121116
189.6 123002
189.75 121308
189.9 125109
190.05 122548
190.2 123090
190.35 123006
190.5 122024
190.65 122915
190.8 122831
190.95 124587
191.1 122336
191.25 123788
191.4 122286
191.55 122549
191.7 124047
191.85 124452
192 123543
192.15 125018
192.3 123524
192.45 122742
192.6 123323
192.75 123891
192.9 126541
193.05 123041
193.2 123803
193.35 124949
193.5 122916
193.65 123046
193.8 124210
193.95 122478
194.1 122489
194.25 121476
194.4 121780
194.55 122927
194.7 124001
194.85 123635
195 122968
195.15 120675
195.3 121107
195.45 123986
195.6 124231
195.75 124080
195.9 123716
196.05 122433
196.2 122309
196.35 122454
196.5 121832
196.65 123823
196.8 123519
196.95 125332
197.1 122215
197.25 124714
197.4 123130
197.55 120963
197.7 119103
197.85 121154
198 124570
198.15 121015
198.3 123202
198.45 121143
198.6 120717
198.75 123179
198.9 124985
199.05 122277
199.2 123294
199.35 123413
199.5 124239
199.65 124428
199.8 123594
199.95 123583
200.1 122285
200.25 126099
200.4 123289
200.55 124365
200.7 121373
200.85 122074
201 123012
201.15 122998
201.3 121337
201.45 121078
201.6 123638
201.75 123848
201.9 123291
202.05 123504
202.2 123931
202.35 121377
202.5 121022
202.65 121180
202.8 123724
202.95 124752
203.1 123121
203.25 123313
203.4 123206
203.55 122656
203.7 123285
203.85 123859
204 124375
204.15 123457
204.3 120804
204.45 120663
204.6 124174
204.75 121839
204.9 120180
205.05 121595
205.2 123237
205.35 123365
205.5 122151
205.65 122279
205.8 123057
205.95 122964
206.1 124199
206.25 122254
206.4 123769
206.55 124250
