606.515 64288.6
606.665 63716.7
606.815 64071.2
606.965 63762.6
607.115 63372.2
607.265 63595.8
607.415 63733.5
607.565 63025.7
607.715 63774.8
607.865 63698.9
608.015 64663.4
608.165 64156.3
608.315 63445.5
608.465 64508.8
608.615 63435.9
608.765 64164.9
608.915 63931.4
609.065 64440.5
609.215 63004.1
609.365 63899.8
609.515 62958.7
609.665 64309.1
609.815 63504.2
609.965 63416.9
610.115 63938.7
610.265 64181
610.415 64050.4
610.565 63238.9
610.715 63733.2
610.865 63806.3
611.015 63465.4
611.165 63789.6
611.315 64184.6
611.465 63539.2
611.615 62290.2
611.765 63134.8
611.915 64171.2
612.065 63753.2
612.215 63468.1
612.365 64108.8
612.515 63883.6
612.665 63144.7
612.815 63462.8
612.965 63442.9
613.115 63164.9
613.265 63365
613.415 64492
613.565 64183.4
613.715 63229.6
613.865 63010.6
614.015 63697.9
614.165 62918.5
614.315 62982
614.465 63650.7
614.615 62949.4
614.765 63667
614.915 63659
615.065 63006.8
615.215 63741.6
615.365 63407.3
615.515 63118.9
615.665 63603.3
615.815 63849.3
615.965 63141.1
616.115 63292.2
616.265 63098.5
616.415 62962.9
616.565 63646
616.715 62674.3
616.865 63719.2
617.015 63340.5
617.165 63406.8
617.315 63381
617.465 64060.8
617.615 63048.1
617.765 63354.1
617.915 62837.6
618.065 63541.5
618.215 63204.6
618.365 62908.5
618.515 63786.2
618.665 62992.2
618.815 62475.4
618.965 62815
619.115 63056.1
619.265 63374
619.415 64345
619.565 62894
619.715 62881.6
619.865 63172
620.015 63345.9
620.165 63756.3
620.315 62521.3
620.465 63764.2
620.615 63534.8
620.765 63237.6
620.915 62829.1
621.065 62384.2
621.215 62843.6
621.365 62685
621.515 63461.1
621.665 63203.3
621.815 63188.5
621.965 62682.6
622.115 62941.1
622.265 63250.2
622.415 62467.8
622.565 62802.1
622.715 63198
622.865 63182.8
623.015 62644.6
623.165 62181.8
623.315 63017.2
623.465 62210.2
623.615 62830.7
623.765 63111.9
623.915 62728.5
624.065 62567.2
624.215 63448.3
624.365 62569.4
624.515 63061.8
624.665 62268
624.815 62518.2
624.965 62799
625.115 62117.1
625.265 61306.2
625.415 62614.8
625.565 62529.1
625.715 62247.3
625.865 62002.8
626.015 62617.6
626.165 62203.3
626.315 62007.6
626.465 62215.8
626.615 62290.4
626.765 61982.4
626.915 62588.8
627.065 62402.1
627.215 62231.1
627.365 62704.7
627.515 62078.2
627.665 62146.3
627.815 62335
627.965 62732.4
628.115 62717.2
628.265 62407.2
628.415 62874
628.565 61538.2
628.715 62234.8
628.865 62294.3
629.015 62481
629.165 61774
629.315 62448.1
629.465 62274
629.615 62586
629.765 62781.3
629.915 61941
630.065 62090.1
630.215 61721.8
630.365 62152.8
630.515 62008.5
630.665 62119.3
630.815 62099
630.965 62291.7
631.115 61898.5
631.265 62472.2
631.415 61720.2
631.565 62205.9
631.715 61914
631.865 62028
632.015 61211.4
632.165 61633.3
632.315 61915.9
632.465 61773.2
632.615 61981.6
632.765 61246.3
632.915 61566.2
633.065 62147.8
633.215 61672
633.365 60865.2
633.515 60656.7
633.665 61621.6
633.815 61431.7
633.965 61844.4
634.115 62097.7
634.265 61731.2
634.415 61244.2
634.565 61775.9
634.715 60967.5
634.865 62267.6
635.015 61342.8
635.165 61995.3
635.315 61490.4
635.465 61223.6
635.615 61504.7
635.765 60675.4
635.915 61887.3
636.065 59768.1
636.215 61064.1
636.365 61010.6
636.515 61105.2
636.665 60938.5
636.815 60942
636.965 61348.9
637.115 60798.9
637.265 60558.2
637.415 61144.2
637.565 60856.3
637.715 60652.7
637.865 61007.6
638.015 60248
638.165 60666.8
638.315 60586.7
638.465 60681.3
638.615 60691.4
638.765 60705.9
638.915 60454.5
639.065 60716.6
639.215 60819.8
639.365 60227
639.515 60482.6
639.665 61436.6
639.815 60712.8
639.965 60062.6
640.115 59955.4
640.265 60838.5
640.415 61218
640.565 60335.1
640.715 61222.9
640.865 60446.2
641.015 60087.2
641.165 60037.9
641.315 60330.4
641.465 60153.3
641.615 61175.9
641.765 60016.1
641.915 60019
642.065 59655.8
642.215 60460.7
642.365 60162.6
642.515 59932.7
642.665 60442.8
642.815 60416.7
642.965 60228.5
643.115 60784.2
643.265 59681.8
643.415 59853.8
643.565 59805.4
643.715 61011.5
643.865 59982.9
644.015 60074.8
644.165 60394.6
644.315 60586
644.465 59426.7
644.615 59711.5
644.765 60024.4
644.915 59527.8
645.065 59763.7
645.215 60108.5
645.365 59621
645.515 60909.3
645.665 59895.1
645.815 59666.2
645.965 60035.6
646.115 60606.3
646.265 59363.6
646.415 59476.6
646.565 59936.9
646.715 59991.2
646.865 60224.4
647.015 60040.5
647.165 60183.1
647.315 59758.9
647.465 59310.9
647.615 60453.3
647.765 59389.3
647.915 59122.1
648.065 59897.7
648.215 59159.5
648.365 59975.3
648.515 60052.8
648.665 59759.7
648.815 60340.3
648.965 59465.9
649.115 59407.3
649.265 59737.7
649.415 59280.5
649.565 59230.6
649.715 59636.1
649.865 58850.4
650.015 58750.4
650.165 59559.5
650.315 59242.1
650.465 60031.4
650.615 59435.9
650.765 58811.1
650.915 59089.4
651.065 58658.4
651.215 59168
651.365 58832.7
651.515 59307.2
651.665 59068.5
651.815 59214.3
651.965 59458.4
652.115 59477.7
652.265 59270.9
652.415 58801.8
652.565 59481.5
652.715 59124.6
652.865 58946.3
653.015 59119.7
653.165 59016.6
653.315 58865.7
653.465 59195
653.615 59529.3
653.765 59395.1
653.915 59724.9
654.065 59246.2
654.215 59813.7
654.365 59779.5
654.515 59566
654.665 59510.2
654.815 59384.2
654.965 59258.5
655.115 59788.9
655.265 59131.7
655.415 59819.7
655.565 59079
655.715 58494.8
655.865 58593
656.015 59181.6
656.165 58935.4
656.315 58283.3
656.465 58699.5
656.615 58141.3
656.765 58267.6
656.915 58136.7
657.065 57533.2
657.215 56984.4
657.365 57539.7
657.515 58065.7
657.665 56994.3
657.815 58348.8
657.965 57239
658.115 57916.4
658.265 57765.4
658.415 56913.8
658.565 57586.7
658.715 58172.4
658.865 57432.8
659.015 57284.9
659.165 57201.3
659.315 56784.6
659.465 57787.8
659.615 56578.5
659.765 55970.2
659.915 56912.2
660.065 57023.9
660.215 56846.3
660.365 55961.5
660.515 55836.1
660.665 56541.8
660.815 57128.3
660.965 57281.8
661.115 57093.3
661.265 56574.5
661.415 55685.9
661.565 55927.5
661.715 55682.8
661.865 56176.1
662.015 55986
662.165 56815.8
662.315 56243.1
662.465 55847
662.615 56597.4
662.765 56191.1
662.915 56374.3
663.065 55969.4
663.215 55649.6
663.365 55711.7
663.515 56963.9
663.665 56109.1
663.815 56168.8
663.965 55492.5
664.115 55890.1
664.265 55365.9
664.415 56369.1
664.565 55102.8
664.715 55538
664.865 55213.2
665.015 55622
665.165 55853.7
665.315 55698
665.465 56352.2
665.615 55563.3
665.765 56221.5
665.915 56100
666.065 55044.6
666.215 55365.4
666.365 55497.9
666.515 55573
666.665 56056.3
666.815 55775.6
666.965 55979.7
667.115 55077.9
667.265 55044.6
667.415 55079.3
667.565 55408.3
667.715 54789.8
667.865 55009.9
668.015 55244.4
668.165 55230.4
668.315 54902.9
668.465 55045.5
668.615 55383.7
668.765 55561
668.915 54602.3
669.065 55787.5
669.215 55510.9
669.365 55821
669.515 55037.4
669.665 55447.5
669.815 55066.2
669.965 54398.2
670.115 54332.2
670.265 55052.7
670.415 54686.8
670.565 54311.2
670.715 54178.5
670.865 54456.7
671.015 54935.1
671.165 55024.6
671.315 54422.4
671.465 54651.1
671.615 54011.7
671.765 54501.1
671.915 54441.1
672.065 54022.6
672.215 54833.8
672.365 54344.2
672.515 54402.8
672.665 53886.3
672.815 53295
672.965 53992.2
673.115 53946.7
673.265 53785.5
673.415 53286
673.565 53606.3
673.715 53722.6
673.865 53858.2
674.015 53695.1
674.165 53520.8
674.315 54030.6
674.465 53628.1
674.615 53907.2
674.765 54120
674.915 53706.3
675.065 53766.3
675.215 53453.7
675.365 53198
675.515 53224.7
675.665 53428.9
675.815 53833.3
675.965 52881
676.115 52869.4
676.265 53266.2
676.415 53713.8
676.565 53222
676.715 52654.8
676.865 53000.7
677.015 53010.6
677.165 52416.1
677.315 53911.9
677.465 53232.8
677.615 53328.8
677.765 53086.3
677.915 53440.8
678.065 52851.7
678.215 52705.4
678.365 52778
678.515 53646.3
678.665 52728.1
678.815 52700.7
678.965 52689.1
679.115 52763.4
679.265 53742.1
679.415 53048.8
679.565 52507
679.715 52598.7
679.865 52500.2
680.015 53120.2
680.165 52863.1
680.315 53221
680.465 52532.4
680.615 53098.7
680.765 52917.2
680.915 52287.5
681.065 53012.8
681.215 52155.3
681.365 52413.3
681.515 52706.7
681.665 52700.3
681.815 53162.4
681.965 52524.6
682.115 53086.5
682.265 52663.6
682.415 53080.5
682.565 52985.5
682.715 52367.5
682.865 53676.6
683.015 52554.6
683.165 53300.3
683.315 52908.8
683.465 52785.4
683.615 52249.6
683.765 52758.5
683.915 51943.1
684.065 52166.2
684.215 52601
684.365 51935.8
684.515 52152.5
684.665 52254.3
684.815 51721
684.965 51631.2
685.115 52391.1
685.265 52228
685.415 53320.5
685.565 52006.5
685.715 51772.2
685.865 51027
686.015 51733.2
686.165 51142.8
686.315 51682.6
686.465 51299.7
686.615 51568
686.765 51066.5
686.915 50675.3
687.065 51680.8
687.215 51298
687.365 51579.3
687.515 51067.2
687.665 51661.8
687.815 51828.6
687.965 51285.4
688.115 51190.2
688.265 51367.5
688.415 51491.2
688.565 51095.8
688.715 51597.2
688.865 51755.4
689.015 50930.2
689.165 51882.3
689.315 52322
689.465 51277.6
689.615 51000.3
689.765 51442.6
689.915 51494.3
690.065 50455.4
690.215 50749.9
690.365 50865.5
690.515 50723.7
690.665 51243.9
690.815 50608.3
690.965 51512.8
691.115 50429.9
691.265 50671.7
691.415 50046.8
691.565 51006.7
691.715 50910.7
691.865 50961.1
692.015 51555.4
692.165 50470.1
692.315 50355.9
692.465 50883.4
692.615 50287.8
692.765 51056.3
692.915 51206.5
693.065 51583.6
693.215 51257.2
693.365 51737.7
693.515 51406.3
693.665 51285.9
693.815 50839
693.965 50175.8
694.115 50258.4
694.265 49194.1
694.415 50155.9
694.565 48168
694.715 49021.8
694.865 48879.2
695.015 47805.4
695.165 48663.4
695.315 47993.2
695.465 48885.4
695.615 47859.2
695.765 47169.4
695.915 47636.7
696.065 47135.3
696.215 47452.8
696.365 47541.1
696.515 47797.6
696.665 47180.8
696.815 47159.8
696.965 47836.4
697.115 47670.2
697.265 47849.9
697.415 46955.6
697.565 46276.6
697.715 47791.7
697.865 47478.9
698.015 47529.1
698.165 46932.5
698.315 47740.3
698.465 47204.1
698.615 47495.6
698.765 47663.7
698.915 47457.2
699.065 47664.1
699.215 47448.1
699.365 47564.4
699.515 47506.3
699.665 46991.2
699.815 47495.8
699.965 46796.9
700.115 48350.7
700.265 47269.8
700.415 47260.7
700.565 46907.2
700.715 47419.2
700.865 47068.5
701.015 47886.2
701.165 47358.4
701.315 47784.4
701.465 46964.9
701.615 47183.7
701.765 47602.3
701.915 47169.9
702.065 47730.6
702.215 46852.2
702.365 46963.6
702.515 47095.6
702.665 47492.5
702.815 47823.9
702.965 47915.8
703.115 47400.7
703.265 48184.1
703.415 47645
703.565 48367.8
703.715 48097.9
703.865 48070.6
704.015 47756.6
704.165 48499.7
704.315 47798.2
704.465 48248
704.615 47595.9
704.765 48616.3
704.915 48508.8
705.065 48880
705.215 48390.7
705.365 48140
705.515 48791.7
705.665 48036.6
705.815 48094.1
705.965 49266.5
706.115 48802.8
706.265 48498.4
706.415 48307.6
706.565 48145.5
706.715 48575.3
706.865 49136.4
707.015 48859.8
707.165 48840.2
707.315 49275.4
707.465 48864.9
707.615 49298
707.765 49777.9
707.915 50799.5
708.065 51570.9
708.215 52851.4
708.365 53487.8
708.515 55375.9
708.665 55582.9
708.815 53988.3
708.965 50391.2
709.115 49079.5
709.265 45927
709.415 47005.9
709.565 45322.6
709.715 45653.7
709.865 44409.8
710.015 44415.9
710.165 44403.3
710.315 43756.3
710.465 44219.8
710.615 44799.2
710.765 44423.4
710.915 44305.5
711.065 43734.6
711.215 44234.3
711.365 44482.6
711.515 43991.5
711.665 44224.6
711.815 43957.7
711.965 43812.5
712.115 43896.1
712.265 43211.4
712.415 44412
712.565 44141
712.715 43248.8
712.865 43861
713.015 43826.7
713.165 43575.3
713.315 43352.7
713.465 43194.6
713.615 43087.5
713.765 42892.2
713.915 43381.5
714.065 43814
714.215 43302.6
714.365 42962.8
714.515 43715.4
714.665 43886.8
714.815 43235.9
714.965 43815.6
715.115 43801
715.265 43016.7
715.415 43954.5
715.565 43081.8
715.715 43255.3
715.865 43003.3
716.015 42979.7
716.165 43521.1
716.315 43455.6
716.465 42967.2
716.615 43009.4
716.765 43584.1
716.915 42773.2
717.065 42682.4
717.215 43221
717.365 43763.9
717.515 42552
717.665 42892.5
717.815 43050.2
717.965 43274.5
718.115 42503.9
718.265 42630.6
718.415 42737.9
718.565 43129.6
718.715 42801.8
718.865 42825.5
719.015 42167.6
719.165 43040.2
719.315 42863.4
719.465 41883.1
719.615 42402.3
719.765 41926
719.915 42305.5
720.065 41606.2
720.215 41523.3
720.365 41901.3
720.515 41196.4
720.665 42044.9
720.815 42344.9
720.965 42030.1
721.115 41905.2
721.265 42050.2
721.415 41660.2
721.565 41963.4
721.715 42725.7
721.865 41243.1
722.015 42522.4
722.165 42124.4
722.315 42169.1
722.465 41344.9
722.615 42104.7
722.765 42236.3
722.915 42150.4
723.065 42129.4
723.215 41536.7
723.365 41566.7
723.515 41802
723.665 41674.6
723.815 42150.2
723.965 41624.6
724.115 41913
724.265 41546.8
724.415 42164.4
724.565 41463.6
724.715 42339.7
724.865 41678
725.015 41607
725.165 41301.6
725.315 41323.4
725.465 41299
725.615 41893.7
725.765 42188.8
725.915 41973
726.065 42059.7
726.215 41707.2
726.365 41846.3
726.515 41055.9
726.665 41799.7
726.815 41828
726.965 41076.6
727.115 41330.2
727.265 42044.4
727.415 41364.1
727.565 41375.6
727.715 41597.6
727.865 42168.9
728.015 41774.6
728.165 41182.6
728.315 41038.2
728.465 41838.9
728.615 41572.8
728.765 42176.9
728.915 41596.7
729.065 41513.7
729.215 41898.4
729.365 41329.3
729.515 41647
729.665 41218.9
729.815 41978.4
729.965 41632.5
730.115 41438
730.265 41510.6
730.415 41533.8
730.565 40982.6
730.715 41510.6
730.865 41929.4
731.015 41508.9
731.165 41275.4
731.315 41185.2
731.465 40684.7
731.615 41115.1
731.765 40782.4
731.915 41408.1
732.065 41017.4
732.215 40874.3
732.365 40946.7
732.515 41749.8
732.665 41536.1
732.815 41044.2
732.965 41659.3
733.115 41610.9
733.265 41696.6
733.415 41384.6
733.565 41620.7
733.715 41469.6
733.865 41248.8
734.015 41109.1
734.165 41383.6
734.315 41098
734.465 41300.5
734.615 41630.6
734.765 41183.1
734.915 40745.9
735.065 40854
735.215 40918
735.365 41538.4
735.515 40564.7
735.665 40889.3
735.815 41437.1
735.965 40669.6
736.115 41395.3
736.265 41604.9
736.415 40812.7
736.565 41310.6
736.715 40710.7
736.865 40840.7
737.015 42022.4
737.165 41520.7
737.315 40930.6
737.465 41240.8
737.615 41502.8
737.765 40838
737.915 40846.5
738.065 41275.1
738.215 41485.7
738.365 41185.4
738.515 41156.6
738.665 41435.8
738.815 40871.9
738.965 41212.2
739.115 41239.7
739.265 40895.6
739.415 40635.8
739.565 41062.4
739.715 41073.7
739.865 41491.5
740.015 41184.2
740.165 40759.7
740.315 41087.8
740.465 41359.7
740.615 41397.1
740.765 40476.4
740.915 40272
741.065 41276.9
741.215 41174.5
741.365 41483.3
741.515 41616.4
741.665 41068.3
741.815 41488.6
741.965 40512
742.115 40948.5
742.265 41681.1
742.415 40942.1
742.565 40930.1
742.715 41467.6
742.865 40960
743.015 40821.1
743.165 41410.4
743.315 41108.9
743.465 40498.5
743.615 41435.1
743.765 40823.3
743.915 41330.4
744.065 41295.8
744.215 41082.8
744.365 40711.9
744.515 41281.3
744.665 41318.2
744.815 41189.3
744.965 41505.4
745.115 40955.4
745.265 41346.3
745.415 41631.2
745.565 40669.6
745.715 41519
745.865 42097.2
746.015 40789.1
746.165 41300
746.315 41438.5
746.465 41178.2