1296.48 0.5
1296.63 0.5
1296.78 0.5
1296.93 0.400000000008731
1297.08 0.399999999994179
1297.23 0.399999999994179
1297.38 0.399999999994179
1297.53 0.5
1297.68 0.5
1297.83 0.5
1297.98 0.5
1298.13 0.399999999994179
1298.28 0.5
1298.43 0.399999999994179
1298.58 0.5
1298.73 0.399999999994179
1298.88 0.399999999994179
1299.03 0.5
1299.18 0.5
1299.33 0.399999999994179
1299.48 0.400000000001455
1299.63 0.5
1299.78 0.5
1299.93 0.5
1300.08 0.5
1300.23 0.5
1300.38 0.5
1300.53 0.5
1300.68 0.400000000001455
1300.83 0.5
1300.98 0.5
1301.13 0.5
1301.28 0.5
1301.43 0.5
1301.58 0.5
1301.73 0.5
1301.88 0.5
1302.03 0.5
1302.18 0.5
1302.33 0.5
1302.48 0.5
1302.63 0.5
1302.78 0.5
1302.93 0.599999999991269
1303.08 0.5
1303.23 0.5
1303.38 0.5
1303.53 0.5
1303.68 0.5
1303.83 0.599999999998545
1303.98 0.5
1304.13 0.600000000005821
1304.28 0.5
1304.43 0.600000000005821
1304.58 0.5
1304.73 0.600000000005821
1304.88 0.5
1305.03 0.600000000005821
1305.18 0.5
1305.33 0.5
1305.48 0.599999999998545
1305.63 0.599999999998545
1305.78 0.600000000005821
1305.93 0.5
1306.08 0.600000000005821
1306.23 0.600000000005821
1306.38 0.5
1306.53 0.599999999998545
1306.68 0.599999999998545
1306.83 0.599999999998545
1306.98 0.599999999991269
1307.13 0.599999999998545
1307.28 0.599999999998545
1307.43 0.600000000005821
1307.58 0.599999999991269
1307.73 0.599999999998545
1307.88 0.599999999998545
1308.03 0.600000000005821
1308.18 0.600000000005821
1308.33 0.599999999991269
1308.48 0.600000000005821
1308.63 0.600000000005821
1308.78 0.600000000005821
1308.93 0.599999999998545
1309.08 0.599999999998545
1309.23 0.700000000004366
1309.38 0.599999999998545
1309.53 0.599999999998545
1309.68 0.700000000004366
1309.83 0.599999999998545
1309.98 0.599999999998545
1310.13 0.700000000004366
1310.28 0.599999999998545
1310.43 0.700000000011642
1310.58 0.69999999999709
1310.73 0.69999999999709
1310.88 0.69999999999709
1311.03 0.700000000004366
1311.18 0.599999999991269
1311.33 0.599999999998545
1311.48 0.69999999999709
1311.63 0.700000000004366
1311.78 0.69999999999709
1311.93 0.600000000005821
1312.08 0.599999999991269
1312.23 0.69999999999709
1312.38 0.69999999999709
1312.53 0.69999999999709
1312.68 0.69999999999709
1312.83 0.69999999999709
1312.98 0.700000000004366
1313.13 0.700000000004366
1313.28 0.69999999999709
1313.43 0.69999999999709
1313.58 0.69999999999709
1313.73 0.69999999999709
1313.88 0.69999999999709
1314.03 0.700000000004366
1314.18 0.69999999999709
1314.33 0.700000000004366
1314.48 0.69999999999709
1314.63 0.69999999999709
1314.78 0.69999999999709
1314.93 0.700000000011642
1315.08 0.700000000011642
1315.23 0.69999999999709
1315.38 0.69999999999709
1315.53 0.69999999999709
1315.68 0.69999999999709
1315.83 0.700000000004366
1315.98 0.69999999999709
1316.13 0.80000000000291
1316.28 0.799999999988358
1316.43 0.69999999999709
1316.58 0.799999999995634
1316.73 0.69999999999709
1316.88 0.69999999999709
1317.03 0.80000000000291
1317.18 0.69999999999709
1317.33 0.80000000000291
1317.48 0.69999999999709
1317.63 0.80000000000291
1317.78 0.80000000000291
1317.93 0.700000000011642
1318.08 0.80000000000291
1318.23 0.80000000000291
1318.38 0.80000000000291
1318.53 0.80000000000291
1318.68 0.80000000000291
1318.83 0.799999999995634
1318.98 0.799999999995634
1319.13 0.799999999988358
1319.28 0.80000000000291
1319.43 0.900000000001455
1319.58 0.80000000000291
1319.73 0.900000000008731
1319.88 0.799999999995634
1320.03 0.80000000000291
1320.18 0.900000000001455
1320.33 0.900000000008731
1320.48 0.799999999995634
1320.63 0.899999999994179
1320.78 0.900000000001455
1320.93 0.799999999995634
1321.08 0.899999999994179
1321.23 0.900000000008731
1321.38 0.899999999994179
1321.53 0.799999999995634
1321.68 0.799999999995634
1321.83 0.900000000008731
1321.98 0.900000000008731
1322.13 0.900000000008731
1322.28 0.899999999994179
1322.43 0.900000000001455
1322.58 0.900000000001455
1322.73 0.900000000001455
1322.88 0.900000000001455
1323.03 0.900000000001455
1323.18 0.900000000001455
1323.33 0.900000000001455
1323.48 1
1323.63 1
1323.78 0.900000000001455
1323.93 0.899999999994179
1324.08 0.900000000001455
1324.23 1
1324.38 1
1324.53 0.900000000008731
1324.68 1
1324.83 1
1324.98 0.900000000008731
1325.13 0.899999999994179
1325.28 1
1325.43 0.900000000001455
1325.58 1
1325.73 1
1325.88 1
1326.03 1.09999999999127
1326.18 1.09999999999854
1326.33 1
1326.48 1
1326.63 1
1326.78 1
1326.93 1.09999999999854
1327.08 1.10000000000582
1327.23 1
1327.38 1.09999999999854
1327.53 1
1327.68 1.09999999999127
1327.83 1
1327.98 1.09999999999854
1328.13 1
1328.28 1.10000000000582
1328.43 1.09999999999854
1328.58 1.09999999999854
1328.73 1.10000000000582
1328.88 1.09999999999854
1329.03 1.09999999999854
1329.18 1.20000000000437
1329.33 1.09999999999854
1329.48 1.09999999999854
1329.63 1.09999999999854
1329.78 1.19999999999709
1329.93 1.09999999999854
1330.08 1.19999999999709
1330.23 1.09999999999127
1330.38 1.09999999999854
1330.53 1.19999999999709
1330.68 1.19999999999709
1330.83 1.20000000000437
1330.98 1.19999999999709
1331.13 1.20000000000437
1331.28 1.20000000000437
1331.43 1.30000000000291
1331.58 1.19999999999709
1331.73 1.19999999999709
1331.88 1.30000000000291
1332.03 1.19999999999709
1332.18 1.30000000000291
1332.33 1.19999999999709
1332.48 1.19999999999709
1332.63 1.29999999998836
1332.78 1.30000000000291
1332.93 1.19999999999709
1333.08 1.30000000000291
1333.23 1.30000000000291
1333.38 1.29999999999563
1333.53 1.30000000000291
1333.68 1.29999999999563
1333.83 1.29999999999563
1333.98 1.30000000000291
1334.13 1.40000000000146
1334.28 1.29999999999563
1334.43 1.29999999999563
1334.58 1.30000000000291
1334.73 1.39999999999418
1334.88 1.30000000000291
1335.03 1.39999999999418
1335.18 1.40000000000146
1335.33 1.40000000000146
1335.48 1.40000000000146
1335.63 1.40000000000146
1335.78 1.5
1335.93 1.39999999999418
1336.08 1.40000000000873
1336.23 1.5
1336.38 1.5
1336.53 1.5
1336.68 1.5
1336.83 1.5
1336.98 1.5
1337.13 1.5
1337.28 1.5
1337.43 1.5
1337.58 1.5
1337.73 1.5
1337.88 1.60000000000582
1338.03 1.59999999999854
1338.18 1.59999999999854
1338.33 1.59999999999127
1338.48 1.60000000000582
1338.63 1.60000000000582
1338.78 1.59999999999127
1338.93 1.59999999999127
1339.08 1.59999999999854
1339.23 1.59999999999127
1339.38 1.69999999999709
1339.53 1.69999999999709
1339.68 1.69999999999709
1339.83 1.69999999999709
1339.98 1.70000000000437
1340.13 1.59999999999854
1340.28 1.70000000000437
1340.43 1.69999999999709
1340.58 1.69999999999709
1340.73 1.69999999999709
1340.88 1.70000000000437
1341.03 1.70000000000437
1341.18 1.80000000000291
1341.33 1.70000000000437
1341.48 1.80000000000291
1341.63 1.80000000000291
1341.78 1.79999999999563
1341.93 1.80000000000291
1342.08 1.80000000000291
1342.23 1.79999999999563
1342.38 1.90000000000146
1342.53 1.79999999999563
1342.68 1.89999999999418
1342.83 1.90000000000146
1342.98 1.90000000000146
1343.13 1.90000000000146
1343.28 1.89999999999418
1343.43 2
1343.58 2
1343.73 2
1343.88 2
1344.03 2
1344.18 2
1344.33 2
1344.48 2
1344.63 2
1344.78 2
1344.93 2
1345.08 2.09999999999854
1345.23 2.09999999999854
1345.38 2.09999999999854
1345.53 2.10000000000582
1345.68 2.20000000000437
1345.83 2.09999999999854
1345.98 2.20000000000437
1346.13 2.19999999999709
1346.28 2.20000000000437
1346.43 2.19999999999709
1346.58 2.19999999999709
1346.73 2.30000000000291
1346.88 2.30000000000291
1347.03 2.30000000000291
1347.18 2.30000000000291
1347.33 2.30000000000291
1347.48 2.29999999999563
1347.63 2.29999999999563
1347.78 2.30000000000291
1347.93 2.29999999999563
1348.08 2.40000000000146
1348.23 2.40000000000146
1348.38 2.40000000000146
1348.53 2.5
1348.68 2.5
1348.83 2.5
1348.98 2.5
1349.13 2.5
1349.28 2.5
1349.43 2.60000000000582
1349.58 2.59999999999854
1349.73 2.5
1349.88 2.59999999999854
1350.03 2.59999999999854
1350.18 2.69999999999709
1350.33 2.69999999999709
1350.48 2.59999999999854
1350.63 2.69999999999709
1350.78 2.80000000000291
1350.93 2.69999999999709
1351.08 2.80000000000291
1351.23 2.80000000000291
1351.38 2.80000000000291
1351.53 2.80000000000291
1351.68 2.90000000000146
1351.83 2.90000000000146
1351.98 2.90000000000146
1352.13 2.90000000000146
1352.28 2.89999999999418
1352.43 3
1352.58 3
1352.73 3
1352.88 3
1353.03 3.10000000000582
1353.18 3.10000000000582
1353.33 3.09999999999854
1353.48 3.19999999999709
1353.63 3.19999999999709
1353.78 3.19999999999709
1353.93 3.19999999999709
1354.08 3.20000000000437
1354.23 3.29999999999563
1354.38 3.30000000000291
1354.53 3.30000000000291
1354.68 3.29999999999563
1354.83 3.40000000000146
1354.98 3.40000000000146
1355.13 3.5
1355.28 3.39999999999418
1355.43 3.5
1355.58 3.5
1355.73 3.59999999999854
1355.88 3.59999999999854
1356.03 3.59999999999854
1356.18 3.59999999999854
1356.33 3.59999999999854
1356.48 3.69999999999709
1356.63 3.70000000000437
1356.78 3.80000000000291
1356.93 3.79999999999563
1357.08 3.79999999999563
1357.23 3.90000000000146
1357.38 3.79999999999563
1357.53 3.90000000000146
1357.68 3.90000000000146
1357.83 4
1357.98 4
1358.13 4.09999999999854
1358.28 4.09999999999854
1358.43 4.20000000000437
1358.58 4.09999999999854
1358.73 4.20000000000437
1358.88 4.29999999999563
1359.03 4.30000000000291
1359.18 4.30000000000291
1359.33 4.40000000000146
1359.48 4.40000000000146
1359.63 4.39999999999418
1359.78 4.5
1359.93 4.5
1360.08 4.59999999999854
1360.23 4.59999999999854
1360.38 4.70000000000437
1360.53 4.70000000000437
1360.68 4.80000000000291
1360.83 4.79999999999563
1360.98 4.80000000000291
1361.13 4.90000000000146
1361.28 4.90000000000146
1361.43 5
1361.58 5.09999999999854
1361.73 5.09999999999854
1361.88 5.09999999999854
1362.03 5.19999999999709
1362.18 5.20000000000437
1362.33 5.30000000000291
1362.48 5.30000000000291
1362.63 5.39999999999418
1362.78 5.40000000000146
1362.93 5.40000000000146
1363.08 5.5
1363.23 5.59999999999854
1363.38 5.69999999999709
1363.53 5.69999999999709
1363.68 5.69999999999709
1363.83 5.80000000000291
1363.98 5.79999999999563
1364.13 5.89999999999418
1364.28 6
1364.43 6.09999999999854
1364.58 6.09999999999854
1364.73 6.20000000000437
1364.88 6.19999999999709
1365.03 6.40000000000146
1365.18 6.40000000000146
1365.33 6.40000000000146
1365.48 6.5
1365.63 6.59999999999854
1365.78 6.70000000000437
1365.93 6.80000000000291
1366.08 6.79999999999563
1366.23 6.89999999999418
1366.38 7
1366.53 7.09999999999854
1366.68 7.09999999999854
1366.83 7.19999999999709
1366.98 7.30000000000291
1367.13 7.40000000000146
1367.28 7.5
1367.43 7.5
1367.58 7.70000000000437
1367.73 7.70000000000437
1367.88 7.90000000000146
1368.03 7.89999999999418
1368.18 8
1368.33 8.09999999999854
1368.48 8.19999999999709
1368.63 8.29999999999563
1368.78 8.40000000000146
1368.93 8.5
1369.08 8.59999999999854
1369.23 8.69999999999709
1369.38 8.79999999999563
1369.53 9
1369.68 9
1369.83 9.09999999999854
1369.98 9.19999999999709
1370.13 9.40000000000146
1370.28 9.5
1370.43 9.59999999999854
1370.58 9.70000000000437
1370.73 9.79999999999563
1370.88 10
1371.03 10.0999999999985
1371.18 10.1999999999971
1371.33 10.4000000000015
1371.48 10.5
1371.63 10.5999999999985
1371.78 10.8000000000029
1371.93 10.9000000000015
1372.08 11
1372.23 11.1999999999971
1372.38 11.2999999999956
1372.53 11.5
1372.68 11.6999999999971
1372.83 11.7999999999956
1372.98 12
1373.13 12.2000000000044
1373.28 12.3999999999942
1373.43 12.5
1373.58 12.6999999999971
1373.73 12.8999999999942
1373.88 13.0999999999985
1374.03 13.3000000000029
1374.18 13.4000000000015
1374.33 13.7000000000044
1374.48 13.8999999999942
1374.63 14.0999999999985
1374.78 14.2000000000044
1374.93 14.5
1375.08 14.7000000000044
1375.23 15
1375.38 15.2000000000044
1375.53 15.3999999999942
1375.68 15.5999999999985
1375.83 15.9000000000015
1375.98 16.2000000000044
1376.13 16.5
1376.28 16.6999999999971
1376.43 16.9000000000015
1376.58 17.2000000000044
1376.73 17.5
1376.88 17.7999999999956
1377.03 18.0999999999985
1377.18 18.4000000000015
1377.33 18.7000000000044
1377.48 18.9000000000015
1377.63 19.2999999999956
1377.78 19.6999999999971
1377.93 20
1378.08 20.4000000000015
1378.23 20.5999999999985
1378.38 21
1378.53 21.4000000000015
1378.68 21.8000000000029
1378.83 22.1999999999971
1378.98 22.5999999999985
1379.13 23.0999999999985
1379.28 23.4000000000015
1379.43 23.8000000000029
1379.58 24.4000000000015
1379.73 24.8000000000029
1379.88 25.2999999999956
1380.03 25.8000000000029
1380.18 26.1999999999971
1380.33 26.6999999999971
1380.48 27.3000000000029
1380.63 27.8000000000029
1380.78 28.4000000000015
1380.93 29
1381.08 29.5
1381.23 30.0999999999985
1381.38 30.7000000000044
1381.53 31.5
1381.68 32.0999999999985
1381.83 32.7999999999956
1381.98 33.4000000000015
1382.13 34.0999999999985
1382.28 34.9000000000015
1382.43 35.6999999999971
1382.58 36.5
1382.73 37.3000000000029
1382.88 38.0999999999985
1383.03 38.9000000000015
1383.18 39.7999999999956
1383.33 40.8000000000029
1383.48 41.9000000000015
1383.63 42.7999999999956
1383.78 43.8000000000029
1383.93 44.8000000000029
1384.08 45.8000000000029
1384.23 47.0999999999985
1384.38 48.2999999999956
1384.53 49.5
1384.68 50.6999999999971
1384.83 51.9000000000015
1384.98 53.2999999999956
1385.13 54.8000000000029
1385.28 56.2999999999956
1385.43 57.9000000000015
1385.58 59.4000000000015
1385.73 61
1385.88 62.4000000000015
1386.03 64.4000000000015
1386.18 66.4000000000015
1386.33 68.3000000000029
1386.48 70.2000000000044
1386.63 72.1999999999971
1386.78 74.2000000000044
1386.93 76.5999999999985
1387.08 79.0999999999985
1387.23 81.6000000000058
1387.38 84.2000000000044
1387.53 86.8000000000029
1387.68 89.2999999999956
1387.83 92.2000000000044
1387.98 95.5999999999985
1388.13 99
1388.28 102.400000000001
1388.43 105.799999999996
1388.58 109.200000000004
1388.73 112.799999999996
1388.88 117.400000000001
1389.03 122.100000000006
1389.18 126.599999999999
1389.33 131.300000000003
1389.48 135.900000000001
1389.63 140.5
1389.78 147.100000000006
1389.93 153.5
1390.08 160.099999999999
1390.23 166.5
1390.38 173.099999999999
1390.53 179.599999999999
1390.68 188.399999999994
1390.83 197.900000000001
1390.98 207.399999999994
1391.13 216.900000000001
1391.28 226.5
1391.43 235.900000000001
1391.58 248.300000000003
1391.73 262.900000000001
1391.88 277.5
1392.03 291.899999999994
1392.18 306.5
1392.33 321
1392.48 339
1392.63 362.700000000004
1392.78 386.299999999996
1392.93 410
1393.08 433.699999999997
1393.23 457.299999999996
1393.38 484.199999999997
1393.53 526
1393.68 567.799999999996
1393.83 609.599999999999
1393.98 651.400000000001
1394.13 693.200000000004
1394.28 735
1394.43 794.099999999999
1394.58 860.600000000006
1394.73 935.200000000004
1394.88 1019.39999999999
1395.03 1114.5
1395.18 1222.8
1395.33 1346.4
1395.48 1488.5
1395.63 1652.6
1395.78 1843.5
1395.93 2066.8
1396.08 2330.2
1396.23 2643.2
1396.38 3018.7
1396.53 3473.7
1396.68 4030.5
1396.83 4721.3
1396.98 5588.2
1397.13 6695.6
1397.28 8131.1
1397.43 10031.7
1397.58 12600.5
1397.73 16161.3
1397.88 21233.2
1398.03 28667.5
1398.18 39904.6
1398.33 57220.4
1398.48 83943.6
1398.63 122240.8
1398.78 165216.4
1398.93 187011.6
1399.08 151820.9
1399.23 88336.7
1399.38 44459
1399.53 22022.4
1399.68 11330
1399.83 6169.4
1399.98 3545.1
1400.13 2146.7
1400.28 1356.9
1400.43 892.199999999997
1400.58 606.199999999997
1400.73 424
1400.88 304.099999999999
1401.03 223
1401.18 166.799999999999
1401.33 126.799999999999
1401.48 98
1401.63 76.7999999999993
1401.78 60.8999999999978
1401.93 48.8999999999978
1402.08 39.6000000000022
1402.23 32.4000000000015
1402.38 26.7999999999993
1402.53 22.2000000000007
1402.68 18.6000000000022
1402.83 15.7000000000007
1402.98 13.2999999999993
1403.13 11.3999999999978
1403.28 9.80000000000291
1403.43 8.40000000000146
1403.58 7.29999999999927
1403.73 6.70000000000073
1403.88 6
1404.03 5.40000000000146
1404.18 4.70000000000073
1404.33 4.10000000000218
1404.48 3.5
1404.63 3
1404.78 2.79999999999927
1404.93 2.60000000000218
1405.08 2.30000000000291
1405.23 2
1405.38 1.79999999999927
1405.53 1.60000000000218
1405.68 1.39999999999782
1405.83 1.30000000000291
1405.98 1.30000000000291
1406.13 1.09999999999854
1406.28 1
1406.43 0.899999999997817
1406.58 0.799999999999272
1406.73 0.799999999999272
1406.88 0.700000000000728
1407.03 0.69999999999709
1407.18 0.600000000002183
1407.33 0.5
1407.48 0.5
1407.63 0.5
1407.78 0.399999999997817
1407.93 0.5
1408.08 0.400000000001455
1408.23 0.299999999999272
1408.38 0.299999999999272
1408.53 0.299999999999272
1408.68 0.299999999999272
1408.83 0.299999999999272
1408.98 0.19999999999709
1409.13 0.200000000000728
1409.28 0.200000000000728
1409.43 0.19999999999709
1409.58 0.200000000000728
1409.73 0.200000000000728
1409.88 0.100000000002183
1410.03 0.200000000000728
1410.18 0.100000000002183
1410.33 0.19999999999709
1410.48 0.200000000000728
1410.63 0.099999999998545
1410.78 0.099999999998545
1410.93 0.100000000002183
1411.08 0.099999999998545
1411.23 0.099999999998545
1411.38 0.099999999998545
1411.53 0.100000000002183
1411.68 0.099999999998545
1411.83 0.100000000002183
1411.98 0
1412.13 0
1412.28 0.099999999998545
1412.43 0.100000000002183
1412.58 0.100000000002183
1412.73 0.099999999998545
1412.88 0.099999999998545
1413.03 0
1413.18 0
1413.33 0.099999999998545
1413.48 0.100000000002183
1413.63 0.099999999998545
1413.78 0.100000000002183
1413.93 0
1414.08 0
1414.23 0
1414.38 0
1414.53 0.099999999998545
1414.68 0
1414.83 0
1414.98 0
1415.13 0
1415.28 0
1415.43 0
1415.58 0.100000000002183
1415.73 0.099999999998545
1415.88 0.099999999998545
1416.03 0.099999999998545
1416.18 0.100000000002183
1416.33 0.100000000002183
1416.48 0
1416.63 0
1416.78 0
1416.93 0
1417.08 0
1417.23 0
1417.38 0
1417.53 0
1417.68 0
1417.83 0
1417.98 0
1418.13 0
1418.28 0
1418.43 0
1418.58 0
1418.73 0.100000000002183
1418.88 0
1419.03 0
1419.18 0.100000000002183
1419.33 0
1419.48 0.100000000002183
1419.63 0
1419.78 0
1419.93 0
1420.08 0
1420.23 0
1420.38 0.100000000002183
1420.53 0
1420.68 0
1420.83 0
1420.98 0
1421.13 0
1421.28 0.100000000002183
1421.43 0
1421.58 0
1421.73 0
1421.88 0
1422.03 0
1422.18 0
1422.33 0
1422.48 0
1422.63 0
1422.78 0
1422.93 0
1423.08 0
1423.23 0
1423.38 0
1423.53 0
1423.68 0
1423.83 0
1423.98 0
1424.13 0
1424.28 0
1424.43 0
1424.58 0
1424.73 0
1424.88 0
1425.03 0
1425.18 0
1425.33 0
1425.48 0
1425.63 0
1425.78 0
1425.93 0
1426.08 0
1426.23 0
1426.38 0
1426.53 0
1426.68 0
1426.83 0
1426.98 0
1427.13 0
1427.28 0
1427.43 0
1427.58 0
1427.73 0
1427.88 0
1428.03 0
1428.18 0
1428.33 0
1428.48 0
1428.63 0
1428.78 0
1428.93 0
1429.08 0
1429.23 0
1429.38 0
1429.53 0
1429.68 0
1429.83 0
1429.98 0
1430.13 0
1430.28 0
1430.43 0
1430.58 0
1430.73 0
1430.88 0
1431.03 0
1431.18 0
1431.33 0
1431.48 0
1431.63 0
1431.78 0
1431.93 0
1432.08 0
1432.23 0
1432.38 0
1432.53 0
1432.68 0
1432.83 0
1432.98 0
1433.13 0
1433.28 0
1433.43 0
1433.58 0
1433.73 0
1433.88 0
1434.03 0
1434.18 0
1434.33 0
1434.48 0
1434.63 0
1434.78 0
1434.93 0
1435.08 0
1435.23 0
1435.38 0
1435.53 0
1435.68 0
1435.83 0
1435.98 0
1436.13 0
1436.28 0
1436.43 0
1436.58 0
1436.73 0
1436.88 0
1437.03 0
1437.18 0
1437.33 0
1437.48 0
1437.63 0
1437.78 0
1437.93 0
1438.08 0
1438.23 0
1438.38 0
1438.53 0
1438.68 0
1438.83 0
1438.98 0
1439.13 0
1439.28 0
1439.43 0
1439.58 0
1439.73 0
1439.88 0
1440.03 0
1440.18 0
1440.33 0
1440.48 0
1440.63 0
1440.78 0
1440.93 0
1441.08 0
1441.23 0
1441.38 0
1441.53 0
1441.68 0
1441.83 0
1441.98 0
1442.13 0
1442.28 0
1442.43 0
1442.58 0
1442.73 0
1442.88 0
1443.03 0
1443.18 0
1443.33 0
1443.48 0
1443.63 0
1443.78 0
1443.93 0
1444.08 0
1444.23 0
1444.38 0
1444.53 0
1444.68 0
1444.83 0
1444.98 0
1445.13 0
1445.28 0
1445.43 0
1445.58 0
1445.73 0
1445.88 0
1446.03 0
1446.18 0
1446.33 0
1446.48 0