1296.48 0.600000000005821
1296.63 0.600000000005821
1296.78 0.600000000005821
1296.93 0.5
1297.08 0.5
1297.23 0.5
1297.38 0.5
1297.53 0.600000000005821
1297.68 0.600000000005821
1297.83 0.599999999998545
1297.98 0.599999999998545
1298.13 0.599999999991269
1298.28 0.599999999998545
1298.43 0.5
1298.58 0.600000000005821
1298.73 0.5
1298.88 0.5
1299.03 0.599999999991269
1299.18 0.599999999998545
1299.33 0.599999999991269
1299.48 0.5
1299.63 0.599999999991269
1299.78 0.599999999991269
1299.93 0.599999999991269
1300.08 0.599999999998545
1300.23 0.599999999998545
1300.38 0.600000000005821
1300.53 0.599999999998545
1300.68 0.599999999998545
1300.83 0.599999999998545
1300.98 0.600000000005821
1301.13 0.599999999998545
1301.28 0.599999999998545
1301.43 0.599999999991269
1301.58 0.599999999991269
1301.73 0.600000000005821
1301.88 0.600000000005821
1302.03 0.600000000005821
1302.18 0.599999999991269
1302.33 0.600000000005821
1302.48 0.600000000005821
1302.63 0.600000000005821
1302.78 0.600000000005821
1302.93 0.69999999999709
1303.08 0.599999999998545
1303.23 0.69999999999709
1303.38 0.599999999998545
1303.53 0.599999999998545
1303.68 0.599999999991269
1303.83 0.69999999999709
1303.98 0.69999999999709
1304.13 0.69999999999709
1304.28 0.69999999999709
1304.43 0.69999999999709
1304.58 0.599999999991269
1304.73 0.700000000004366
1304.88 0.600000000005821
1305.03 0.69999999999709
1305.18 0.599999999991269
1305.33 0.69999999999709
1305.48 0.700000000004366
1305.63 0.69999999999709
1305.78 0.700000000004366
1305.93 0.700000000004366
1306.08 0.700000000004366
1306.23 0.700000000004366
1306.38 0.599999999998545
1306.53 0.69999999999709
1306.68 0.69999999999709
1306.83 0.69999999999709
1306.98 0.69999999999709
1307.13 0.700000000004366
1307.28 0.700000000004366
1307.43 0.69999999999709
1307.58 0.69999999999709
1307.73 0.80000000000291
1307.88 0.700000000004366
1308.03 0.700000000004366
1308.18 0.700000000004366
1308.33 0.799999999988358
1308.48 0.700000000004366
1308.63 0.700000000004366
1308.78 0.80000000000291
1308.93 0.69999999999709
1309.08 0.69999999999709
1309.23 0.80000000000291
1309.38 0.69999999999709
1309.53 0.799999999995634
1309.68 0.80000000000291
1309.83 0.80000000000291
1309.98 0.700000000004366
1310.13 0.80000000000291
1310.28 0.69999999999709
1310.43 0.80000000000291
1310.58 0.799999999995634
1310.73 0.80000000000291
1310.88 0.80000000000291
1311.03 0.80000000000291
1311.18 0.80000000000291
1311.33 0.69999999999709
1311.48 0.80000000000291
1311.63 0.80000000000291
1311.78 0.80000000000291
1311.93 0.80000000000291
1312.08 0.799999999988358
1312.23 0.80000000000291
1312.38 0.80000000000291
1312.53 0.80000000000291
1312.68 0.80000000000291
1312.83 0.80000000000291
1312.98 0.80000000000291
1313.13 0.900000000001455
1313.28 0.799999999995634
1313.43 0.899999999994179
1313.58 0.899999999994179
1313.73 0.799999999988358
1313.88 0.80000000000291
1314.03 0.80000000000291
1314.18 0.80000000000291
1314.33 0.80000000000291
1314.48 0.899999999994179
1314.63 0.799999999988358
1314.78 0.80000000000291
1314.93 0.80000000000291
1315.08 0.80000000000291
1315.23 0.899999999994179
1315.38 0.900000000001455
1315.53 0.799999999995634
1315.68 0.799999999995634
1315.83 0.900000000001455
1315.98 0.799999999995634
1316.13 0.900000000001455
1316.28 0.899999999994179
1316.43 0.899999999994179
1316.58 0.900000000001455
1316.73 0.899999999994179
1316.88 0.899999999994179
1317.03 0.900000000008731
1317.18 0.899999999994179
1317.33 1
1317.48 0.900000000001455
1317.63 0.900000000001455
1317.78 1
1317.93 0.900000000008731
1318.08 1
1318.23 1
1318.38 1
1318.53 0.899999999994179
1318.68 1
1318.83 0.899999999994179
1318.98 1
1319.13 0.899999999994179
1319.28 1
1319.43 1
1319.58 0.900000000008731
1319.73 1
1319.88 0.900000000001455
1320.03 1
1320.18 1
1320.33 1
1320.48 1
1320.63 1.09999999999127
1320.78 1.09999999999854
1320.93 1
1321.08 1
1321.23 1.10000000000582
1321.38 1.09999999999127
1321.53 1
1321.68 1
1321.83 1.10000000000582
1321.98 1.10000000000582
1322.13 1.10000000000582
1322.28 1.09999999999854
1322.43 1.10000000000582
1322.58 1.09999999999854
1322.73 1
1322.88 1
1323.03 1
1323.18 1.09999999999854
1323.33 1.09999999999854
1323.48 1.10000000000582
1323.63 1.20000000000437
1323.78 1.09999999999854
1323.93 1.09999999999854
1324.08 1.09999999999854
1324.23 1.09999999999854
1324.38 1.19999999999709
1324.53 1.10000000000582
1324.68 1.09999999999854
1324.83 1.20000000000437
1324.98 1.10000000000582
1325.13 1.09999999999127
1325.28 1.19999999999709
1325.43 1.09999999999854
1325.58 1.09999999999854
1325.73 1.20000000000437
1325.88 1.20000000000437
1326.03 1.19999999999709
1326.18 1.20000000000437
1326.33 1.19999999999709
1326.48 1.20000000000437
1326.63 1.19999999999709
1326.78 1.19999999999709
1326.93 1.29999999999563
1327.08 1.19999999999709
1327.23 1.19999999999709
1327.38 1.19999999999709
1327.53 1.20000000000437
1327.68 1.19999999999709
1327.83 1.19999999999709
1327.98 1.30000000000291
1328.13 1.19999999999709
1328.28 1.30000000000291
1328.43 1.30000000000291
1328.58 1.29999999999563
1328.73 1.30000000000291
1328.88 1.29999999999563
1329.03 1.29999999999563
1329.18 1.40000000000146
1329.33 1.30000000000291
1329.48 1.30000000000291
1329.63 1.30000000000291
1329.78 1.40000000000146
1329.93 1.29999999999563
1330.08 1.40000000000146
1330.23 1.29999999998836
1330.38 1.29999999999563
1330.53 1.39999999999418
1330.68 1.40000000000146
1330.83 1.40000000000146
1330.98 1.39999999999418
1331.13 1.5
1331.28 1.40000000000146
1331.43 1.5
1331.58 1.40000000000146
1331.73 1.39999999999418
1331.88 1.5
1332.03 1.39999999999418
1332.18 1.5
1332.33 1.5
1332.48 1.5
1332.63 1.5
1332.78 1.5
1332.93 1.5
1333.08 1.5
1333.23 1.5
1333.38 1.59999999999854
1333.53 1.5
1333.68 1.59999999999854
1333.83 1.5
1333.98 1.59999999999854
1334.13 1.59999999999854
1334.28 1.59999999999854
1334.43 1.59999999999854
1334.58 1.59999999999127
1334.73 1.59999999999127
1334.88 1.59999999999854
1335.03 1.59999999999854
1335.18 1.59999999999854
1335.33 1.59999999999854
1335.48 1.70000000000437
1335.63 1.69999999999709
1335.78 1.70000000000437
1335.93 1.59999999999127
1336.08 1.60000000000582
1336.23 1.70000000001164
1336.38 1.70000000000437
1336.53 1.69999999999709
1336.68 1.69999999999709
1336.83 1.69999999999709
1336.98 1.79999999998836
1337.13 1.70000000000437
1337.28 1.79999999999563
1337.43 1.70000000000437
1337.58 1.79999999999563
1337.73 1.70000000001164
1337.88 1.80000000000291
1338.03 1.80000000000291
1338.18 1.90000000000146
1338.33 1.80000000000291
1338.48 1.80000000000291
1338.63 1.90000000000146
1338.78 1.80000000000291
1338.93 1.80000000000291
1339.08 1.89999999999418
1339.23 1.89999999999418
1339.38 1.90000000000146
1339.53 1.90000000000146
1339.68 1.90000000000146
1339.83 1.90000000000146
1339.98 2
1340.13 1.90000000000146
1340.28 1.90000000000146
1340.43 2
1340.58 1.90000000000146
1340.73 2
1340.88 2
1341.03 2
1341.18 2.09999999999854
1341.33 2
1341.48 2.10000000000582
1341.63 2.09999999999854
1341.78 2.09999999999854
1341.93 2.10000000000582
1342.08 2.10000000000582
1342.23 2.09999999999854
1342.38 2.10000000000582
1342.53 2.09999999999854
1342.68 2.09999999999854
1342.83 2.20000000000437
1342.98 2.09999999999854
1343.13 2.19999999999709
1343.28 2.19999999999709
1343.43 2.19999999999709
1343.58 2.30000000000291
1343.73 2.30000000000291
1343.88 2.29999999999563
1344.03 2.30000000000291
1344.18 2.19999999999709
1344.33 2.29999999999563
1344.48 2.30000000000291
1344.63 2.30000000000291
1344.78 2.29999999999563
1344.93 2.29999999999563
1345.08 2.40000000000146
1345.23 2.40000000000146
1345.38 2.39999999999418
1345.53 2.40000000000146
1345.68 2.5
1345.83 2.40000000000146
1345.98 2.5
1346.13 2.5
1346.28 2.5
1346.43 2.5
1346.58 2.5
1346.73 2.60000000000582
1346.88 2.59999999999854
1347.03 2.59999999999854
1347.18 2.59999999999854
1347.33 2.60000000000582
1347.48 2.59999999999854
1347.63 2.59999999999854
1347.78 2.59999999999854
1347.93 2.59999999999854
1348.08 2.70000000000437
1348.23 2.70000000000437
1348.38 2.69999999999709
1348.53 2.80000000000291
1348.68 2.80000000000291
1348.83 2.80000000000291
1348.98 2.79999999999563
1349.13 2.80000000000291
1349.28 2.80000000000291
1349.43 2.90000000000146
1349.58 2.90000000000146
1349.73 2.90000000000146
1349.88 2.90000000000146
1350.03 2.90000000000146
1350.18 3
1350.33 3
1350.48 3
1350.63 3
1350.78 3.09999999999854
1350.93 3.09999999999854
1351.08 3.10000000000582
1351.23 3.09999999999854
1351.38 3.10000000000582
1351.53 3.19999999999709
1351.68 3.19999999999709
1351.83 3.19999999999709
1351.98 3.20000000000437
1352.13 3.19999999999709
1352.28 3.29999999999563
1352.43 3.30000000000291
1352.58 3.30000000000291
1352.73 3.29999999999563
1352.88 3.40000000000146
1353.03 3.40000000000146
1353.18 3.40000000000146
1353.33 3.5
1353.48 3.5
1353.63 3.5
1353.78 3.5
1353.93 3.5
1354.08 3.60000000000582
1354.23 3.59999999999854
1354.38 3.59999999999854
1354.53 3.69999999999709
1354.68 3.59999999999854
1354.83 3.70000000000437
1354.98 3.70000000000437
1355.13 3.79999999999563
1355.28 3.79999999999563
1355.43 3.80000000000291
1355.58 3.90000000000146
1355.73 3.90000000000146
1355.88 4
1356.03 3.89999999999418
1356.18 4
1356.33 4
1356.48 4
1356.63 4.10000000000582
1356.78 4.09999999999854
1356.93 4.09999999999854
1357.08 4.09999999999854
1357.23 4.20000000000437
1357.38 4.19999999999709
1357.53 4.30000000000291
1357.68 4.30000000000291
1357.83 4.40000000000146
1357.98 4.29999999999563
1358.13 4.40000000000146
1358.28 4.40000000000146
1358.43 4.5
1358.58 4.5
1358.73 4.59999999999854
1358.88 4.59999999999854
1359.03 4.60000000000582
1359.18 4.59999999999854
1359.33 4.69999999999709
1359.48 4.70000000000437
1359.63 4.79999999999563
1359.78 4.80000000000291
1359.93 4.90000000000146
1360.08 4.90000000000146
1360.23 4.90000000000146
1360.38 5
1360.53 5.09999999999854
1360.68 5.10000000000582
1360.83 5.09999999999854
1360.98 5.09999999999854
1361.13 5.19999999999709
1361.28 5.30000000000291
1361.43 5.29999999999563
1361.58 5.40000000000146
1361.73 5.40000000000146
1361.88 5.40000000000146
1362.03 5.5
1362.18 5.5
1362.33 5.60000000000582
1362.48 5.60000000000582
1362.63 5.69999999999709
1362.78 5.69999999999709
1362.93 5.69999999999709
1363.08 5.79999999999563
1363.23 5.90000000000146
1363.38 6
1363.53 6
1363.68 6
1363.83 6.10000000000582
1363.98 6.09999999999854
1364.13 6.19999999999709
1364.28 6.29999999999563
1364.43 6.40000000000146
1364.58 6.40000000000146
1364.73 6.5
1364.88 6.5
1365.03 6.59999999999854
1365.18 6.69999999999709
1365.33 6.70000000000437
1365.48 6.79999999999563
1365.63 6.90000000000146
1365.78 6.90000000000146
1365.93 7
1366.08 7
1366.23 7.09999999999854
1366.38 7.20000000000437
1366.53 7.29999999999563
1366.68 7.30000000000291
1366.83 7.40000000000146
1366.98 7.5
1367.13 7.59999999999854
1367.28 7.70000000000437
1367.43 7.70000000000437
1367.58 7.90000000000146
1367.73 7.90000000000146
1367.88 8
1368.03 8
1368.18 8.19999999999709
1368.33 8.30000000000291
1368.48 8.30000000000291
1368.63 8.40000000000146
1368.78 8.5
1368.93 8.59999999999854
1369.08 8.69999999999709
1369.23 8.79999999999563
1369.38 8.79999999999563
1369.53 9
1369.68 9.09999999999854
1369.83 9.09999999999854
1369.98 9.30000000000291
1370.13 9.40000000000146
1370.28 9.5
1370.43 9.59999999999854
1370.58 9.70000000000437
1370.73 9.69999999999709
1370.88 9.89999999999418
1371.03 10
1371.18 10.0999999999985
1371.33 10.3000000000029
1371.48 10.3000000000029
1371.63 10.5
1371.78 10.5999999999985
1371.93 10.7000000000044
1372.08 10.8000000000029
1372.23 11
1372.38 11.0999999999985
1372.53 11.1999999999971
1372.68 11.4000000000015
1372.83 11.5
1372.98 11.5999999999985
1373.13 11.8000000000029
1373.28 11.8999999999942
1373.43 12.0999999999985
1373.58 12.3000000000029
1373.73 12.3999999999942
1373.88 12.5999999999985
1374.03 12.7000000000044
1374.18 12.9000000000015
1374.33 13.0999999999985
1374.48 13.1999999999971
1374.63 13.3999999999942
1374.78 13.5
1374.93 13.8000000000029
1375.08 13.9000000000015
1375.23 14.1000000000058
1375.38 14.3000000000029
1375.53 14.5
1375.68 14.5999999999985
1375.83 14.7999999999956
1375.98 15.1000000000058
1376.13 15.3000000000029
1376.28 15.5
1376.43 15.7000000000044
1376.58 15.9000000000015
1376.73 16.2000000000044
1376.88 16.3999999999942
1377.03 16.5999999999985
1377.18 16.8000000000029
1377.33 17.0999999999985
1377.48 17.2999999999956
1377.63 17.5
1377.78 17.8000000000029
1377.93 18.0999999999985
1378.08 18.4000000000015
1378.23 18.5999999999985
1378.38 18.9000000000015
1378.53 19.2000000000044
1378.68 19.5
1378.83 19.7999999999956
1378.98 20.0999999999985
1379.13 20.4000000000015
1379.28 20.7000000000044
1379.43 21
1379.58 21.4000000000015
1379.73 21.7000000000044
1379.88 22.0999999999985
1380.03 22.5
1380.18 22.6999999999971
1380.33 23.0999999999985
1380.48 23.5999999999985
1380.63 23.9000000000015
1380.78 24.3000000000029
1380.93 24.6999999999971
1381.08 25.0999999999985
1381.23 25.5
1381.38 26
1381.53 26.5
1381.68 27
1381.83 27.4000000000015
1381.98 27.8000000000029
1382.13 28.2999999999956
1382.28 28.8000000000029
1382.43 29.4000000000015
1382.58 29.9000000000015
1382.73 30.4000000000015
1382.88 30.9000000000015
1383.03 31.5
1383.18 32.0999999999985
1383.33 32.8000000000029
1383.48 33.4000000000015
1383.63 34.0999999999985
1383.78 34.5999999999985
1383.93 35.4000000000015
1384.08 36
1384.23 36.7999999999956
1384.38 37.5
1384.53 38.3000000000029
1384.68 39
1384.83 39.6999999999971
1384.98 40.5999999999985
1385.13 41.5
1385.28 42.2999999999956
1385.43 43.3000000000029
1385.58 44.2000000000044
1385.73 45.0999999999985
1385.88 45.9000000000015
1386.03 47.0999999999985
1386.18 48.1999999999971
1386.33 49.3000000000029
1386.48 50.3000000000029
1386.63 51.3999999999942
1386.78 52.5
1386.93 53.8000000000029
1387.08 55.0999999999985
1387.23 56.5
1387.38 57.8000000000029
1387.53 59.1000000000058
1387.68 60.4000000000015
1387.83 62
1387.98 63.5999999999985
1388.13 65.2999999999956
1388.28 67
1388.43 68.5
1388.58 70.2000000000044
1388.73 72.0999999999985
1388.88 74.0999999999985
1389.03 76.2000000000044
1389.18 78.1999999999971
1389.33 80.3000000000029
1389.48 82.3000000000029
1389.63 84.5
1389.78 87.2000000000044
1389.93 89.8000000000029
1390.08 92.5
1390.23 95.0999999999985
1390.38 97.6999999999971
1390.53 100.400000000001
1390.68 103.799999999996
1390.83 107.300000000003
1390.98 110.699999999997
1391.13 114
1391.28 117.5
1391.43 120.900000000001
1391.58 125.300000000003
1391.73 129.900000000001
1391.88 134.400000000001
1392.03 138.899999999994
1392.18 143.5
1392.33 148
1392.48 153.599999999999
1392.63 159.900000000001
1392.78 166
1392.93 172.200000000004
1393.08 178.400000000001
1393.23 184.5
1393.38 192
1393.53 200.599999999999
1393.68 209.299999999996
1393.83 218
1393.98 226.700000000004
1394.13 235.400000000001
1394.28 245.300000000003
1394.43 257.900000000001
1394.58 270.700000000004
1394.73 283.300000000003
1394.88 296
1395.03 308.599999999999
1395.18 322
1395.33 341.400000000001
1395.48 360.800000000003
1395.63 380.199999999997
1395.78 399.700000000001
1395.93 419
1396.08 438.399999999998
1396.23 468.900000000001
1396.38 500.399999999998
1396.53 532
1396.68 563.5
1396.83 595.100000000002
1396.98 626.599999999999
1397.13 675.400000000001
1397.28 731.099999999999
1397.43 786.799999999999
1397.58 842.5
1397.73 898.200000000001
1397.88 954
1398.03 1020.7
1398.18 1104.9
1398.33 1199.1
1398.48 1305.1
1398.63 1424.8
1398.78 1560.7
1398.93 1715.5
1399.08 1893
1399.23 2097.3
1399.38 2334.4
1399.53 2610.7
1399.68 2935.6
1399.83 3320.3
1399.98 3779.6
1400.13 4333.7
1400.28 5008.1
1400.43 5840
1400.58 6877.4
1400.73 8192.5
1400.88 9883.6
1401.03 12101.7
1401.18 15068.4
1401.33 19132.1
1401.48 24845.7
1401.63 33104.5
1401.78 45424.6
1401.93 64242.8
1402.08 93464.2
1402.23 137298.7
1402.38 194405.8
1402.53 242117
1402.68 234974.7
1402.83 156125.3
1402.98 82303.3
1403.13 40650.1
1403.28 20458.8
1403.43 10850.9
1403.58 6077.6
1403.73 3597.5
1403.88 2229.1
1404.03 1440.6
1404.18 964.200000000001
1404.33 665.700000000001
1404.48 472.200000000001
1404.63 342.699999999997
1404.78 254.099999999999
1404.93 191.700000000001
1405.08 147.200000000001
1405.23 114.5
1405.38 90.2999999999993
1405.53 72.1000000000022
1405.68 58.0999999999985
1405.83 47.4000000000015
1405.98 39
1406.13 32.2999999999993
1406.28 26.8999999999978
1406.43 22.7000000000007
1406.58 19.2000000000007
1406.73 16.2999999999993
1406.88 14
1407.03 12.0999999999985
1407.18 10.5
1407.33 9.19999999999709
1407.48 8.39999999999782
1407.63 7.5
1407.78 6.69999999999709
1407.93 5.90000000000146
1408.08 5
1408.23 4.19999999999709
1408.38 3.90000000000146
1408.53 3.59999999999854
1408.68 3.19999999999709
1408.83 2.89999999999782
1408.98 2.5
1409.13 2.20000000000073
1409.28 2
1409.43 1.89999999999782
1409.58 1.80000000000291
1409.73 1.60000000000218
1409.88 1.40000000000146
1410.03 1.29999999999927
1410.18 1.10000000000218
1410.33 1.09999999999854
1410.48 1
1410.63 0.899999999997817
1410.78 0.799999999999272
1410.93 0.799999999999272
1411.08 0.69999999999709
1411.23 0.700000000000728
1411.38 0.599999999998545
1411.53 0.5
1411.68 0.5
1411.83 0.5
1411.98 0.399999999997817
1412.13 0.399999999997817
1412.28 0.399999999997817
1412.43 0.400000000001455
1412.58 0.299999999999272
1412.73 0.399999999997817
1412.88 0.299999999999272
1413.03 0.299999999999272
1413.18 0.19999999999709
1413.33 0.299999999999272
1413.48 0.30000000000291
1413.63 0.299999999999272
1413.78 0.30000000000291
1413.93 0.200000000000728
1414.08 0.200000000000728
1414.23 0.200000000000728
1414.38 0.200000000000728
1414.53 0.200000000000728
1414.68 0.200000000000728
1414.83 0.200000000000728
1414.98 0.100000000002183
1415.13 0.099999999998545
1415.28 0.099999999998545
1415.43 0.099999999998545
1415.58 0.200000000000728
1415.73 0.099999999998545
1415.88 0.099999999998545
1416.03 0.099999999998545
1416.18 0.100000000002183
1416.33 0.100000000002183
1416.48 0.100000000002183
1416.63 0
1416.78 0.099999999998545
1416.93 0.099999999998545
1417.08 0.099999999998545
1417.23 0.099999999998545
1417.38 0.099999999998545
1417.53 0.099999999998545
1417.68 0.099999999998545
1417.83 0.099999999998545
1417.98 0
1418.13 0
1418.28 0
1418.43 0.099999999998545
1418.58 0.099999999998545
1418.73 0.100000000002183
1418.88 0
1419.03 0.099999999998545
1419.18 0.100000000002183
1419.33 0
1419.48 0.100000000002183
1419.63 0
1419.78 0.099999999998545
1419.93 0
1420.08 0
1420.23 0
1420.38 0.100000000002183
1420.53 0
1420.68 0
1420.83 0
1420.98 0
1421.13 0
1421.28 0.100000000002183
1421.43 0
1421.58 0
1421.73 0
1421.88 0
1422.03 0
1422.18 0
1422.33 0
1422.48 0
1422.63 0
1422.78 0
1422.93 0
1423.08 0
1423.23 0
1423.38 0
1423.53 0.100000000002183
1423.68 0
1423.83 0
1423.98 0
1424.13 0
1424.28 0
1424.43 0
1424.58 0
1424.73 0
1424.88 0.100000000002183
1425.03 0.100000000002183
1425.18 0
1425.33 0
1425.48 0
1425.63 0
1425.78 0
1425.93 0
1426.08 0
1426.23 0.100000000002183
1426.38 0.100000000002183
1426.53 0.100000000002183
1426.68 0
1426.83 0
1426.98 0
1427.13 0
1427.28 0
1427.43 0
1427.58 0
1427.73 0
1427.88 0
1428.03 0
1428.18 0
1428.33 0
1428.48 0
1428.63 0
1428.78 0
1428.93 0
1429.08 0
1429.23 0
1429.38 0
1429.53 0
1429.68 0
1429.83 0
1429.98 0
1430.13 0
1430.28 0
1430.43 0
1430.58 0
1430.73 0
1430.88 0
1431.03 0
1431.18 0
1431.33 0
1431.48 0
1431.63 0
1431.78 0
1431.93 0
1432.08 0
1432.23 0
1432.38 0
1432.53 0
1432.68 0
1432.83 0
1432.98 0
1433.13 0
1433.28 0
1433.43 0
1433.58 0
1433.73 0
1433.88 0
1434.03 0
1434.18 0
1434.33 0
1434.48 0
1434.63 0
1434.78 0
1434.93 0
1435.08 0
1435.23 0
1435.38 0
1435.53 0
1435.68 0
1435.83 0
1435.98 0
1436.13 0
1436.28 0
1436.43 0
1436.58 0
1436.73 0
1436.88 0
1437.03 0
1437.18 0
1437.33 0
1437.48 0
1437.63 0
1437.78 0
1437.93 0
1438.08 0
1438.23 0
1438.38 0
1438.53 0
1438.68 0.0100000000002183
1438.83 0
1438.98 0
1439.13 0
1439.28 0
1439.43 0
1439.58 0
1439.73 0
1439.88 0
1440.03 0
1440.18 0
1440.33 0
1440.48 0
1440.63 0
1440.78 0.0100000000002183
1440.93 0
1441.08 0
1441.23 0.0100000000002183
1441.38 0
1441.53 0
1441.68 0
1441.83 0
1441.98 0
1442.13 0
1442.28 0
1442.43 0
1442.58 0
1442.73 0
1442.88 0.0100000000002183
1443.03 0
1443.18 0.0100000000002183
1443.33 0
1443.48 0
1443.63 0
1443.78 0
1443.93 0
1444.08 0
1444.23 0
1444.38 0
1444.53 0
1444.68 0
1444.83 0
1444.98 0
1445.13 0
1445.28 0
1445.43 0
1445.58 0
1445.73 0
1445.88 0
1446.03 0
1446.18 0
1446.33 0
1446.48 0