606.477 1
606.627 1
606.777 1
606.927 1
607.077 1
607.227 1
607.377 1
607.527 1
607.677 1
607.827 1
607.977 1
608.127 1
608.277 1
608.427 1
608.577 1
608.727 0
608.877 1
609.027 1
609.177 1
609.327 1
609.477 1
609.627 1
609.777 1
609.927 1
610.077 1
610.227 1
610.377 1
610.527 1
610.677 1
610.827 1
610.977 1
611.127 1
611.277 1
611.427 1
611.577 1
611.727 1
611.877 1
612.027 1
612.177 1
612.327 1
612.477 1
612.627 1
612.777 1
612.927 1
613.077 1
613.227 1
613.377 1
613.527 1
613.677 1
613.827 1
613.977 1
614.127 1
614.277 1
614.427 1
614.577 1
614.727 1
614.877 2
615.027 1
615.177 2
615.327 1
615.477 2
615.627 1
615.777 1
615.927 1
616.077 1
616.227 1
616.377 1
616.527 1
616.677 1
616.827 1
616.977 1
617.127 1
617.277 2
617.427 2
617.577 1
617.727 1
617.877 1
618.027 1
618.177 1
618.327 1
618.477 1
618.627 1
618.777 2
618.927 1
619.077 1
619.227 2
619.377 2
619.527 1
619.677 1
619.827 1
619.977 2
620.127 2
620.277 1
620.427 1
620.577 2
620.727 1
620.877 2
621.027 1
621.177 1
621.327 1
621.477 1
621.627 2
621.777 1
621.927 2
622.077 2
622.227 1
622.377 1
622.527 1
622.677 1
622.827 1
622.977 1
623.127 1
623.277 2
623.427 1
623.577 2
623.727 2
623.877 1
624.027 2
624.177 1
624.327 2
624.477 2
624.627 2
624.777 1
624.927 1
625.077 1
625.227 1
625.377 1
625.527 2
625.677 2
625.827 2
625.977 2
626.127 1
626.277 2
626.427 1
626.577 1
626.727 1
626.877 1
627.027 1
627.177 2
627.327 2
627.477 2
627.627 2
627.777 2
627.927 1
628.077 2
628.227 2
628.377 1
628.527 1
628.677 2
628.827 1
628.977 2
629.127 2
629.277 2
629.427 1
629.577 1
629.727 2
629.877 2
630.027 1
630.177 2
630.327 2
630.477 2
630.627 2
630.777 2
630.927 2
631.077 2
631.227 2
631.377 2
631.527 2
631.677 2
631.827 2
631.977 2
632.127 2
632.277 2
632.427 2
632.577 2
632.727 2
632.877 2
633.027 1
633.177 2
633.327 2
633.477 2
633.627 2
633.777 2
633.927 2
634.077 1
634.227 2
634.377 2
634.527 2
634.677 2
634.827 2
634.977 2
635.127 2
635.277 2
635.427 2
635.577 2
635.727 2
635.877 1
636.027 2
636.177 2
636.327 2
636.477 2
636.627 2
636.777 2
636.927 2
637.077 2
637.227 2
637.377 2
637.527 2
637.677 2
637.827 2
637.977 2
638.127 3
638.277 2
638.427 2
638.577 2
638.727 3
638.877 3
639.027 2
639.177 3
639.327 2
639.477 2
639.627 2
639.777 3
639.927 2
640.077 2
640.227 2
640.377 2
640.527 2
640.677 2
640.827 3
640.977 3
641.127 3
641.277 2
641.427 2
641.577 3
641.727 3
641.877 3
642.027 2
642.177 3
642.327 2
642.477 3
642.627 2
642.777 3
642.927 3
643.077 3
643.227 3
643.377 3
643.527 3
643.677 2
643.827 3
643.977 3
644.127 2
644.277 3
644.427 2
644.577 3
644.727 3
644.877 3
645.027 3
645.177 2
645.327 3
645.477 3
645.627 2
645.777 3
645.927 3
646.077 3
646.227 3
646.377 3
646.527 3
646.677 3
646.827 3
646.977 3
647.127 3
647.277 3
647.427 3
647.577 3
647.727 3
647.877 3
648.027 3
648.177 3
648.327 3
648.477 3
648.627 3
648.777 4
648.927 3
649.077 3
649.227 4
649.377 3
649.527 4
649.677 3
649.827 4
649.977 3
650.127 3
650.277 4
650.427 4
650.577 3
650.727 3
650.877 4
651.027 4
651.177 3
651.327 3
651.477 4
651.627 3
651.777 4
651.927 4
652.077 4
652.227 4
652.377 4
652.527 4
652.677 4
652.827 4
652.977 4
653.127 3
653.277 3
653.427 4
653.577 4
653.727 3
653.877 4
654.027 4
654.177 4
654.327 4
654.477 4
654.627 4
654.777 4
654.927 4
655.077 4
655.227 4
655.377 4
655.527 5
655.677 4
655.827 5
655.977 4
656.127 5
656.277 5
656.427 4
656.577 5
656.727 5
656.877 5
657.027 5
657.177 5
657.327 5
657.477 4
657.627 5
657.777 5
657.927 5
658.077 5
658.227 4
658.377 5
658.527 5
658.677 4
658.827 5
658.977 5
659.127 5
659.277 5
659.427 5
659.577 5
659.727 5
659.877 5
660.027 5
660.177 5
660.327 5
660.477 6
660.627 5
660.777 5
660.927 5
661.077 5
661.227 6
661.377 6
661.527 6
661.677 6
661.827 5
661.977 6
662.127 6
662.277 6
662.427 5
662.577 6
662.727 6
662.877 6
663.027 6
663.177 6
663.327 6
663.477 6
663.627 6
663.777 6
663.927 7
664.077 6
664.227 6
664.377 6
664.527 7
664.677 7
664.827 6
664.977 7
665.127 7
665.277 7
665.427 7
665.577 7
665.727 7
665.877 7
666.027 7
666.177 7
666.327 7
666.477 7
666.627 7
666.777 7
666.927 8
667.077 7
667.227 7
667.377 7
667.527 8
667.677 8
667.827 8
667.977 7
668.127 8
668.277 8
668.427 8
668.577 8
668.727 8
668.877 9
669.027 8
669.177 9
669.327 9
669.477 9
669.627 9
669.777 9
669.927 8
670.077 9
670.227 9
670.377 10
670.527 9
670.677 10
670.827 9
670.977 10
671.127 10
671.277 9
671.427 10
671.577 10
671.727 10
671.877 10
672.027 10
672.177 10
672.327 10
672.477 10
672.627 10
672.777 10
672.927 11
673.077 11
673.227 11
673.377 11
673.527 11
673.677 12
673.827 11
673.977 12
674.127 11
674.277 12
674.427 12
674.577 12
674.727 13
674.877 13
675.027 13
675.177 13
675.327 13
675.477 13
675.627 13
675.777 13
675.927 13
676.077 14
676.227 14
676.377 14
676.527 14
676.677 14
676.827 14
676.977 15
677.127 14
677.277 15
677.427 15
677.577 16
677.727 15
677.877 15
678.027 15
678.177 16
678.327 16
678.477 17
678.627 16
678.777 17
678.927 16
679.077 17
679.227 17
679.377 18
679.527 18
679.677 18
679.827 18
679.977 19
680.127 18
680.277 18
680.427 19
680.577 20
680.727 19
680.877 19
681.027 20
681.177 20
681.327 20
681.477 21
681.627 21
681.777 21
681.927 21
682.077 22
682.227 22
682.377 23
682.527 23
682.677 24
682.827 24
682.977 24
683.127 24
683.277 24
683.427 25
683.577 25
683.727 26
683.877 26
684.027 27
684.177 27
684.327 27
684.477 27
684.627 28
684.777 28
684.927 29
685.077 30
685.227 30
685.377 30
685.527 31
685.677 32
685.827 32
685.977 32
686.127 33
686.277 33
686.427 34
686.577 35
686.727 35
686.877 35
687.027 36
687.177 37
687.327 37
687.477 38
687.627 39
687.777 40
687.927 40
688.077 41
688.227 41
688.377 42
688.527 43
688.677 44
688.827 45
688.977 46
689.127 46
689.277 47
689.427 48
689.577 49
689.727 50
689.877 51
690.027 51
690.177 52
690.327 54
690.477 55
690.627 57
690.777 57
690.927 59
691.077 60
691.227 61
691.377 62
691.527 63
691.677 65
691.827 66
691.977 67
692.127 69
692.277 71
692.427 73
692.577 74
692.727 76
692.877 78
693.027 80
693.177 81
693.327 83
693.477 85
693.627 86
693.777 89
693.927 91
694.077 93
694.227 96
694.377 99
694.527 101
694.677 105
694.827 107
694.977 110
695.127 113
695.277 115
695.427 118
695.577 120
695.727 124
695.877 129
696.027 132
696.177 137
696.327 142
696.477 146
696.627 150
696.777 154
696.927 159
697.077 163
697.227 169
697.377 172
697.527 178
697.677 187
697.827 194
697.977 203
698.127 213
698.277 222
698.427 231
698.577 244
698.727 255
698.877 269
699.027 281
699.177 300
699.327 319
699.477 344
699.627 371
699.777 408
699.927 447
700.077 495
700.227 551
700.377 617
700.527 694
700.677 784
700.827 887
700.977 1006
701.127 1144
701.277 1297
701.427 1474
701.577 1666
701.727 1884
701.877 2119
702.027 2377
702.177 2653
702.327 2946
702.477 3251
702.627 3570
702.777 3897
702.927 4228
703.077 4560
703.227 4887
703.377 5211
703.527 5525
703.677 5826
703.827 6121
703.977 6405
704.127 6677
704.277 6938
704.427 7190
704.577 7435
704.727 7672
704.877 7904
705.027 8130
705.177 8351
705.327 8570
705.477 8796
705.627 9034
705.777 9293
705.927 9589
706.077 9945
706.227 10386
706.377 10941
706.527 11649
706.677 12568
706.827 13758
706.977 15300
707.127 17293
707.277 19859
707.427 23152
707.577 27344
707.727 32588
707.877 38966
708.027 46393
708.177 54381
708.327 61883
708.477 67383
708.627 69328
708.777 60776
708.927 42223
709.077 24301
709.227 12254
709.377 5776
709.527 2658
709.677 1229
709.827 588
709.977 297
710.127 160
710.277 90
710.427 57
710.577 35
710.727 23
710.877 16
711.027 11
711.177 7
711.327 4
711.477 3
711.627 2
711.777 1
711.927 1
712.077 1
712.227 1
712.377 0
712.527 0
712.677 0
712.827 0
712.977 1
713.127 0
713.277 0
713.427 0
713.577 0
713.727 0
713.877 0
714.027 0
714.177 0
714.327 0
714.477 0
714.627 0
714.777 0
714.927 0
715.077 0
715.227 0
715.377 0
715.527 0
715.677 0
715.827 0
715.977 0
716.127 0
716.277 0
716.427 0
716.577 0
716.727 0
716.877 0
717.027 0
717.177 0
717.327 0
717.477 0
717.627 0
717.777 0
717.927 0
718.077 0
718.227 0
718.377 0
718.527 0
718.677 0
718.827 0
718.977 0
719.127 0
719.277 0
719.427 0
719.577 0
719.727 0
719.877 0
720.027 0
720.177 0
720.327 0
720.477 0
720.627 0
720.777 0
720.927 0
721.077 0
721.227 0
721.377 0
721.527 0
721.677 0
721.827 0
721.977 0
722.127 0
722.277 0
722.427 0
722.577 0
722.727 0
722.877 0
723.027 0
723.177 0
723.327 0
723.477 0
723.627 0
723.777 0
723.927 0
724.077 0
724.227 0
724.377 0
724.527 0
724.677 0
724.827 0
724.977 0
725.127 0
725.277 0
725.427 0
725.577 0
725.727 0
725.877 0
726.027 0
726.177 0
726.327 0
726.477 0
726.627 0
726.777 0
726.927 0
727.077 0
727.227 0
727.377 0
727.527 0
727.677 0
727.827 0
727.977 0
728.127 0
728.277 0
728.427 0
728.577 0
728.727 0
728.877 0
729.027 0
729.177 0
729.327 0
729.477 0
729.627 0
729.777 0
729.927 0
730.077 0
730.227 0
730.377 0
730.527 0
730.677 0
730.827 0
730.977 0
731.127 0
731.277 0
731.427 0
731.577 0
731.727 0
731.877 0
732.027 0
732.177 0
732.327 0
732.477 0
732.627 0
732.777 0
732.927 0
733.077 0
733.227 0
733.377 0
733.527 0
733.677 0
733.827 0
733.977 0
734.127 0
734.277 0
734.427 0
734.577 0
734.727 0
734.877 0
735.027 0
735.177 0
735.327 0
735.477 0
735.627 0
735.777 0
735.927 0
736.077 0
736.227 0
736.377 0
736.527 0
736.677 0
736.827 0
736.977 0
737.127 0
737.277 0
737.427 0
737.577 0
737.727 0
737.877 0
738.027 0
738.177 0
738.327 0
738.477 0
738.627 0
738.777 0
738.927 0
739.077 0
739.227 0
739.377 0
739.527 0
739.677 0
739.827 0
739.977 0
740.127 0
740.277 0
740.427 0
740.577 0
740.727 0
740.877 0
741.027 0
741.177 0
741.327 0
741.477 0
741.627 0
741.777 0
741.927 0
742.077 0
742.227 0
742.377 0
742.527 0
742.677 0
742.827 0
742.977 0
743.127 0
743.277 0
743.427 0
743.577 0
743.727 0
743.877 0
744.027 0
744.177 0
744.327 0
744.477 0
744.627 0
744.777 0
744.927 0
745.077 0
745.227 0
745.377 0
745.527 0
745.677 0
745.827 0
745.977 0
746.127 0
746.277 0
746.427 0