606.477 0
606.627 0
606.777 0
606.927 0
607.077 0
607.227 0
607.377 0
607.527 0
607.677 0
607.827 0
607.977 0
608.127 0
608.277 0
608.427 0
608.577 0
608.727 0
608.877 0
609.027 0
609.177 0
609.327 0
609.477 0
609.627 0
609.777 0
609.927 0
610.077 0
610.227 0
610.377 0
610.527 0
610.677 0
610.827 0
610.977 0
611.127 0
611.277 0
611.427 0
611.577 0
611.727 0
611.877 0
612.027 0
612.177 0
612.327 0
612.477 0
612.627 0
612.777 0
612.927 0
613.077 0
613.227 0
613.377 0
613.527 0
613.677 0
613.827 0
613.977 0
614.127 0
614.277 0
614.427 0
614.577 0
614.727 0
614.877 0
615.027 0
615.177 0
615.327 0
615.477 0
615.627 0
615.777 0
615.927 0
616.077 0
616.227 0
616.377 0
616.527 0
616.677 0
616.827 0
616.977 0
617.127 0
617.277 0
617.427 0
617.577 0
617.727 0
617.877 0
618.027 0
618.177 0
618.327 0
618.477 0
618.627 0
618.777 0
618.927 0
619.077 0
619.227 0
619.377 0
619.527 0
619.677 0
619.827 0
619.977 0
620.127 0
620.277 0
620.427 0
620.577 0
620.727 0
620.877 0
621.027 0
621.177 0
621.327 0
621.477 0
621.627 0
621.777 0
621.927 0
622.077 0
622.227 0
622.377 0
622.527 0
622.677 0
622.827 0
622.977 0
623.127 0
623.277 0
623.427 0
623.577 0
623.727 0
623.877 0
624.027 0
624.177 0
624.327 0
624.477 0
624.627 0
624.777 0
624.927 0
625.077 0
625.227 0
625.377 0
625.527 0
625.677 0
625.827 0
625.977 0
626.127 0
626.277 0
626.427 0
626.577 0
626.727 0
626.877 0
627.027 0
627.177 0
627.327 0
627.477 0
627.627 0
627.777 0
627.927 0
628.077 0
628.227 0
628.377 0
628.527 0
628.677 0
628.827 0
628.977 0
629.127 0
629.277 0
629.427 0
629.577 0
629.727 0
629.877 0
630.027 0
630.177 0
630.327 0
630.477 0
630.627 0
630.777 0
630.927 0
631.077 0
631.227 0
631.377 0
631.527 0
631.677 0
631.827 0
631.977 0
632.127 0
632.277 0
632.427 0
632.577 0
632.727 0
632.877 0
633.027 0
633.177 0
633.327 0
633.477 0
633.627 0
633.777 0
633.927 0
634.077 0
634.227 0
634.377 0
634.527 0
634.677 0
634.827 0
634.977 0
635.127 0
635.277 0
635.427 0
635.577 0
635.727 0
635.877 0
636.027 0
636.177 0
636.327 0
636.477 0
636.627 0
636.777 0
636.927 0
637.077 0
637.227 0
637.377 0
637.527 0
637.677 0
637.827 0
637.977 0
638.127 0
638.277 0
638.427 0
638.577 0
638.727 0
638.877 0
639.027 0
639.177 0
639.327 0
639.477 0
639.627 0
639.777 0
639.927 0
640.077 0
640.227 0
640.377 0
640.527 0
640.677 0
640.827 0
640.977 0
641.127 0
641.277 0
641.427 0
641.577 0
641.727 0
641.877 0
642.027 0
642.177 0
642.327 0
642.477 0
642.627 0
642.777 0
642.927 0
643.077 0
643.227 0
643.377 0
643.527 0
643.677 0
643.827 0
643.977 0
644.127 0
644.277 0
644.427 0
644.577 0
644.727 0
644.877 0
645.027 0
645.177 0
645.327 0
645.477 0
645.627 0
645.777 0
645.927 0
646.077 0
646.227 0
646.377 0
646.527 0
646.677 0
646.827 0
646.977 0
647.127 0
647.277 0
647.427 0
647.577 0
647.727 0
647.877 0
648.027 0
648.177 0
648.327 0
648.477 0
648.627 0
648.777 0
648.927 0
649.077 0
649.227 0
649.377 0
649.527 0
649.677 0
649.827 0
649.977 0
650.127 0
650.277 0
650.427 0
650.577 0
650.727 0
650.877 0
651.027 0
651.177 0
651.327 0
651.477 0
651.627 0
651.777 0
651.927 0
652.077 0
652.227 0
652.377 0
652.527 0
652.677 0
652.827 0
652.977 0
653.127 0
653.277 0
653.427 0
653.577 0
653.727 0
653.877 0
654.027 0
654.177 0
654.327 0
654.477 0
654.627 0
654.777 0
654.927 0
655.077 0
655.227 0
655.377 0
655.527 0
655.677 0
655.827 0
655.977 0
656.127 0
656.277 0
656.427 0
656.577 0
656.727 0
656.877 0
657.027 0
657.177 0
657.327 0
657.477 0
657.627 0
657.777 0
657.927 0
658.077 0
658.227 0
658.377 0
658.527 0
658.677 0
658.827 0
658.977 0
659.127 0
659.277 0
659.427 0
659.577 0
659.727 0
659.877 0
660.027 0
660.177 0
660.327 0
660.477 0
660.627 0
660.777 0
660.927 0
661.077 0
661.227 0
661.377 0
661.527 0
661.677 0
661.827 0
661.977 0
662.127 0
662.277 0
662.427 0
662.577 0
662.727 0
662.877 0
663.027 0
663.177 0
663.327 0
663.477 0
663.627 0
663.777 0
663.927 0
664.077 0
664.227 0
664.377 0
664.527 0
664.677 0
664.827 0
664.977 0
665.127 0
665.277 0
665.427 0
665.577 0
665.727 0
665.877 0
666.027 0
666.177 0
666.327 0
666.477 0
666.627 0
666.777 0
666.927 0
667.077 0
667.227 0
667.377 0
667.527 0
667.677 0
667.827 0
667.977 0
668.127 0
668.277 0
668.427 0
668.577 0
668.727 0
668.877 0
669.027 0
669.177 0
669.327 0
669.477 0
669.627 0
669.777 0
669.927 0
670.077 0
670.227 0
670.377 0
670.527 0
670.677 0
670.827 0
670.977 0
671.127 0
671.277 0
671.427 0
671.577 0
671.727 0
671.877 0
672.027 0
672.177 0
672.327 0
672.477 0
672.627 0
672.777 0
672.927 0
673.077 0
673.227 0
673.377 0
673.527 0
673.677 0
673.827 0
673.977 0
674.127 0
674.277 0
674.427 0
674.577 0
674.727 0
674.877 0
675.027 0
675.177 0
675.327 0
675.477 0
675.627 0
675.777 0
675.927 0
676.077 0
676.227 0
676.377 0
676.527 0
676.677 0
676.827 0
676.977 0
677.127 0
677.277 0
677.427 0
677.577 0
677.727 0
677.877 0
678.027 0
678.177 0
678.327 0
678.477 0
678.627 0
678.777 0
678.927 0
679.077 0
679.227 0
679.377 0
679.527 0
679.677 0
679.827 0
679.977 0
680.127 0
680.277 0
680.427 0
680.577 0
680.727 0
680.877 0
681.027 0
681.177 0
681.327 0
681.477 0
681.627 0
681.777 0
681.927 0
682.077 0
682.227 0
682.377 0
682.527 0
682.677 0
682.827 0
682.977 0
683.127 0
683.277 0
683.427 0
683.577 0
683.727 0
683.877 0
684.027 0
684.177 0
684.327 0
684.477 0
684.627 0
684.777 0
684.927 0
685.077 0
685.227 0
685.377 0
685.527 0
685.677 0
685.827 0
685.977 0
686.127 0
686.277 0
686.427 0
686.577 0
686.727 0
686.877 0
687.027 0
687.177 0
687.327 0
687.477 0
687.627 0
687.777 0
687.927 0
688.077 0
688.227 0
688.377 0
688.527 0
688.677 0
688.827 0
688.977 0
689.127 0
689.277 0
689.427 0
689.577 0
689.727 0
689.877 0
690.027 0
690.177 0
690.327 0
690.477 0
690.627 0
690.777 0
690.927 0
691.077 0
691.227 0
691.377 0
691.527 0
691.677 0
691.827 0
691.977 0
692.127 0
692.277 0
692.427 0
692.577 0
692.727 0
692.877 0
693.027 0
693.177 0
693.327 0
693.477 0
693.627 0
693.777 1
693.927 1
694.077 1
694.227 2
694.377 3
694.527 3
694.677 5
694.827 6
694.977 7
695.127 10
695.277 12
695.427 15
695.577 19
695.727 24
695.877 29
696.027 36
696.177 44
696.327 54
696.477 65
696.627 79
696.777 94
696.927 112
697.077 133
697.227 157
697.377 183
697.527 213
697.677 246
697.827 282
697.977 322
698.127 364
698.277 409
698.427 456
698.577 505
698.727 555
698.877 605
699.027 653
699.177 700
699.327 744
699.477 784
699.627 816
699.777 845
699.927 866
700.077 878
700.227 884
700.377 881
700.527 871
700.677 855
700.827 831
700.977 802
701.127 772
701.277 738
701.427 706
701.577 674
701.727 650
701.877 627
702.027 614
702.177 613
702.327 621
702.477 641
702.627 676
702.777 725
702.927 788
703.077 866
703.227 951
703.377 1048
703.527 1151
703.677 1253
703.827 1355
703.977 1452
704.127 1539
704.277 1616
704.427 1683
704.577 1741
704.727 1795
704.877 1850
705.027 1913
705.177 1987
705.327 2082
705.477 2197
705.627 2329
705.777 2481
705.927 2639
706.077 2796
706.227 2937
706.377 3044
706.527 3104
706.677 3112
706.827 3053
706.977 2935
707.127 2761
707.277 2541
707.427 2288
707.577 2018
707.727 1744
707.877 1476
708.027 1228
708.177 1002
708.327 802
708.477 633
708.627 490
708.777 377
708.927 282
709.077 208
709.227 151
709.377 109
709.527 77
709.677 54
709.827 37
709.977 26
710.127 17
710.277 11
710.427 8
710.577 4
710.727 3
710.877 2
711.027 1
711.177 1
711.327 0
711.477 0
711.627 0
711.777 0
711.927 0
712.077 0
712.227 0
712.377 0
712.527 0
712.677 0
712.827 0
712.977 0
713.127 0
713.277 0
713.427 0
713.577 0
713.727 0
713.877 0
714.027 0
714.177 0
714.327 0
714.477 0
714.627 0
714.777 0
714.927 0
715.077 0
715.227 0
715.377 0
715.527 0
715.677 0
715.827 0
715.977 0
716.127 0
716.277 0
716.427 0
716.577 0
716.727 0
716.877 0
717.027 0
717.177 0
717.327 0
717.477 0
717.627 0
717.777 0
717.927 0
718.077 0
718.227 0
718.377 0
718.527 0
718.677 0
718.827 0
718.977 0
719.127 0
719.277 0
719.427 0
719.577 0
719.727 0
719.877 0
720.027 0
720.177 0
720.327 0
720.477 0
720.627 0
720.777 0
720.927 0
721.077 0
721.227 0
721.377 0
721.527 0
721.677 0
721.827 0
721.977 0
722.127 0
722.277 0
722.427 0
722.577 0
722.727 0
722.877 0
723.027 0
723.177 0
723.327 0
723.477 0
723.627 0
723.777 0
723.927 0
724.077 0
724.227 0
724.377 0
724.527 0
724.677 0
724.827 0
724.977 0
725.127 0
725.277 0
725.427 0
725.577 0
725.727 0
725.877 0
726.027 0
726.177 0
726.327 0
726.477 0
726.627 0
726.777 0
726.927 0
727.077 0
727.227 0
727.377 0
727.527 0
727.677 0
727.827 0
727.977 0
728.127 0
728.277 0
728.427 0
728.577 0
728.727 0
728.877 0
729.027 0
729.177 0
729.327 0
729.477 0
729.627 0
729.777 0
729.927 0
730.077 0
730.227 0
730.377 0
730.527 0
730.677 0
730.827 0
730.977 0
731.127 0
731.277 0
731.427 0
731.577 0
731.727 0
731.877 0
732.027 0
732.177 0
732.327 0
732.477 0
732.627 0
732.777 0
732.927 0
733.077 0
733.227 0
733.377 0
733.527 0
733.677 0
733.827 0
733.977 0
734.127 0
734.277 0
734.427 0
734.577 0
734.727 0
734.877 0
735.027 0
735.177 0
735.327 0
735.477 0
735.627 0
735.777 0
735.927 0
736.077 0
736.227 0
736.377 0
736.527 0
736.677 0
736.827 0
736.977 0
737.127 0
737.277 0
737.427 0
737.577 0
737.727 0
737.877 0
738.027 0
738.177 0
738.327 0
738.477 0
738.627 0
738.777 0
738.927 0
739.077 0
739.227 0
739.377 0
739.527 0
739.677 0
739.827 0
739.977 0
740.127 0
740.277 0
740.427 0
740.577 0
740.727 0
740.877 0
741.027 0
741.177 0
741.327 0
741.477 0
741.627 0
741.777 0
741.927 0
742.077 0
742.227 0
742.377 0
742.527 0
742.677 0
742.827 0
742.977 0
743.127 0
743.277 0
743.427 0
743.577 0
743.727 0
743.877 0
744.027 0
744.177 0
744.327 0
744.477 0
744.627 0
744.777 0
744.927 0
745.077 0
745.227 0
745.377 0
745.527 0
745.677 0
745.827 0
745.977 0
746.127 0
746.277 0
746.427 0