156.477 0
156.627 0
156.777 0
156.927 0
157.077 0
157.227 0
157.377 0
157.527 0
157.677 0
157.827 0
157.977 0
158.127 0
158.277 0
158.427 0
158.577 0
158.727 0
158.877 0
159.027 0
159.177 0
159.327 0
159.477 0
159.627 0
159.777 0
159.927 0
160.077 0
160.227 0
160.377 0
160.527 0
160.677 0
160.827 0
160.977 0
161.127 0
161.277 0
161.427 0
161.577 0
161.727 0
161.877 0
162.027 0
162.177 0
162.327 0
162.477 0
162.627 0
162.777 0
162.927 0
163.077 0
163.227 0
163.377 0
163.527 0
163.677 0
163.827 0
163.977 0
164.127 0
164.277 0
164.427 0
164.577 0
164.727 0
164.877 0
165.027 0
165.177 0
165.327 0
165.477 0
165.627 0
165.777 0
165.927 0
166.077 0
166.227 0
166.377 0
166.527 0
166.677 0
166.827 0
166.977 0
167.127 0
167.277 0
167.427 0
167.577 0
167.727 0
167.877 0
168.027 0
168.177 0
168.327 0
168.477 0
168.627 0
168.777 0
168.927 0
169.077 0
169.227 0
169.377 0
169.527 0
169.677 0
169.827 0
169.977 0
170.127 0
170.277 0
170.427 0
170.577 0
170.727 0
170.877 0
171.027 0
171.177 0
171.327 0
171.477 0
171.627 0
171.777 0
171.927 0
172.077 0
172.227 0
172.377 0
172.527 0
172.677 0
172.827 0
172.977 0
173.127 0
173.277 0
173.427 0
173.577 0
173.727 0
173.877 0
174.027 0
174.177 0
174.327 0
174.477 0
174.627 0
174.777 0
174.927 0
175.077 0
175.227 0
175.377 0
175.527 0
175.677 0
175.827 0
175.977 0
176.127 0
176.277 0
176.427 0
176.577 0
176.727 0
176.877 0
177.027 0
177.177 0
177.327 0
177.477 0
177.627 0
177.777 0
177.927 0
178.077 0
178.227 0
178.377 0
178.527 0
178.677 0
178.827 0
178.977 0
179.127 1
179.277 1
179.427 3
179.577 6
179.727 12
179.877 24
180.027 47
180.177 89
180.327 164
180.477 294
180.627 514
180.777 872
180.927 1440
181.077 2312
181.227 3607
181.377 5465
181.527 8034
181.677 11449
181.827 15790
181.977 21043
182.127 27039
182.277 33421
182.427 39637
182.577 44987
182.727 48773
182.877 50405
183.027 49657
183.177 46611
183.327 41771
183.477 35787
183.627 29392
183.777 23202
183.927 17638
184.077 12955
184.227 9195
184.377 6331
184.527 4220
184.677 2738
184.827 1720
184.977 1054
185.127 626
185.277 364
185.427 203
185.577 111
185.727 60
185.877 31
186.027 15
186.177 7
186.327 4
186.477 2
186.627 1
186.777 0
186.927 0
187.077 0
187.227 0
187.377 0
187.527 0
187.677 0
187.827 0
187.977 0
188.127 0
188.277 0
188.427 0
188.577 0
188.727 0
188.877 0
189.027 0
189.177 0
189.327 0
189.477 0
189.627 0
189.777 0
189.927 0
190.077 0
190.227 0
190.377 0
190.527 0
190.677 0
190.827 0
190.977 0
191.127 0
191.277 0
191.427 0
191.577 0
191.727 0
191.877 0
192.027 0
192.177 0
192.327 0
192.477 0
192.627 0
192.777 0
192.927 0
193.077 0
193.227 0
193.377 0
193.527 0
193.677 0
193.827 0
193.977 0
194.127 0
194.277 0
194.427 0
194.577 0
194.727 0
194.877 0
195.027 0
195.177 0
195.327 0
195.477 0
195.627 0
195.777 0
195.927 0
196.077 0
196.227 0
196.377 0
196.527 0
196.677 0
196.827 0
196.977 0
197.127 0
197.277 0
197.427 0
197.577 0
197.727 0
197.877 0
198.027 0
198.177 0
198.327 0
198.477 0
198.627 0
198.777 0
198.927 0
199.077 0
199.227 0
199.377 0
199.527 0
199.677 0
199.827 0
199.977 0
200.127 0
200.277 0
200.427 0
200.577 0
200.727 0
200.877 0
201.027 0
201.177 0
201.327 0
201.477 0
201.627 0
201.777 0
201.927 0
202.077 0
202.227 0
202.377 0
202.527 0
202.677 0
202.827 0
202.977 0
203.127 0
203.277 0
203.427 0
203.577 0
203.727 0
203.877 0
204.027 0
204.177 0
204.327 0
204.477 0
204.627 0
204.777 0
204.927 0
205.077 0
205.227 0
205.377 0
205.527 0
205.677 0
205.827 0
205.977 0
206.127 0
206.277 0
206.427 0