886.477 0
886.627 0
886.777 0
886.927 0
887.077 0
887.227 0
887.377 0
887.527 0
887.677 0
887.827 0
887.977 0
888.127 0
888.277 0
888.427 0
888.577 0
888.727 0
888.877 0
889.027 0
889.177 0
889.327 0
889.477 0
889.627 0
889.777 0
889.927 0
890.077 0
890.227 0
890.377 0
890.527 0
890.677 0
890.827 0
890.977 0
891.127 0
891.277 0
891.427 0
891.577 0
891.727 0
891.877 0
892.027 0
892.177 0
892.327 0
892.477 0
892.627 0
892.777 0
892.927 0
893.077 0
893.227 0
893.377 0
893.527 0
893.677 0
893.827 0
893.977 0
894.127 0
894.277 0
894.427 0
894.577 0
894.727 0
894.877 0
895.027 0
895.177 0
895.327 0
895.477 0
895.627 0
895.777 0
895.927 0
896.077 0
896.227 0
896.377 0
896.527 0
896.677 0
896.827 0
896.977 0
897.127 0
897.277 0
897.427 0
897.577 0
897.727 0
897.877 0
898.027 0
898.177 0
898.327 0
898.477 0
898.627 0
898.777 0
898.927 0
899.077 0
899.227 0
899.377 0
899.527 0
899.677 0
899.827 0
899.977 0
900.127 0
900.277 0
900.427 0
900.577 0
900.727 0
900.877 0
901.027 0
901.177 0
901.327 0
901.477 0
901.627 0
901.777 0
901.927 0
902.077 0
902.227 0
902.377 0
902.527 0
902.677 0
902.827 0
902.977 0
903.127 0
903.277 0
903.427 0
903.577 0
903.727 0
903.877 0
904.027 0
904.177 0
904.327 0
904.477 0
904.627 0
904.777 0
904.927 0
905.077 0
905.227 0
905.377 0
905.527 0
905.677 0
905.827 0
905.977 0
906.127 0
906.277 0
906.427 0
906.577 0
906.727 0
906.877 0
907.027 0
907.177 0
907.327 0
907.477 0
907.627 0
907.777 0
907.927 0
908.077 0
908.227 0
908.377 0
908.527 0
908.677 0
908.827 0
908.977 0
909.127 0
909.277 0
909.427 0
909.577 0
909.727 0
909.877 0
910.027 0
910.177 0
910.327 0
910.477 0
910.627 0
910.777 0
910.927 0
911.077 0
911.227 0
911.377 0
911.527 0
911.677 0
911.827 0
911.977 0
912.127 0
912.277 0
912.427 0
912.577 0
912.727 0
912.877 0
913.027 0
913.177 0
913.327 0
913.477 0
913.627 0
913.777 0
913.927 0
914.077 0
914.227 0
914.377 0
914.527 0
914.677 0
914.827 0
914.977 0
915.127 0
915.277 0
915.427 0
915.577 0
915.727 0
915.877 0
916.027 0
916.177 0
916.327 0
916.477 0
916.627 0
916.777 0
916.927 0
917.077 0
917.227 0
917.377 0
917.527 0
917.677 0
917.827 0
917.977 0
918.127 0
918.277 0
918.427 0
918.577 0
918.727 0
918.877 0
919.027 0
919.177 0
919.327 0
919.477 0
919.627 0
919.777 0
919.927 0
920.077 0
920.227 0
920.377 0
920.527 0
920.677 0
920.827 0
920.977 0
921.127 0
921.277 0
921.427 0
921.577 0
921.727 0
921.877 0
922.027 0
922.177 0
922.327 0
922.477 0
922.627 0
922.777 0
922.927 0
923.077 0
923.227 0
923.377 0
923.527 0
923.677 0
923.827 0
923.977 0
924.127 0
924.277 0
924.427 0
924.577 0
924.727 0
924.877 0
925.027 0
925.177 0
925.327 0
925.477 0
925.627 0
925.777 0
925.927 0
926.077 0
926.227 0
926.377 0
926.527 0
926.677 0
926.827 0
926.977 0
927.127 0
927.277 0
927.427 0
927.577 0
927.727 0
927.877 0
928.027 0
928.177 0
928.327 0
928.477 0
928.627 0
928.777 0
928.927 0
929.077 0
929.227 0
929.377 0
929.527 0
929.677 0
929.827 0
929.977 0
930.127 0
930.277 0
930.427 0
930.577 0
930.727 0
930.877 0
931.027 0
931.177 0
931.327 0
931.477 0
931.627 0
931.777 0
931.927 0
932.077 0
932.227 0
932.377 0
932.527 0
932.677 0
932.827 0
932.977 0
933.127 0
933.277 0
933.427 0
933.577 0
933.727 0
933.877 0
934.027 0
934.177 0
934.327 0
934.477 0
934.627 0
934.777 0
934.927 0
935.077 0
935.227 0
935.377 0
935.527 0
935.677 0
935.827 0
935.977 0
936.127 0
936.277 0
936.427 0
936.577 0
936.727 0
936.877 0
937.027 0
937.177 0
937.327 0
937.477 0
937.627 0
937.777 0
937.927 0
938.077 0
938.227 0
938.377 0
938.527 0
938.677 0
938.827 0
938.977 0
939.127 0
939.277 0
939.427 0
939.577 0
939.727 0
939.877 0
940.027 0
940.177 0
940.327 0
940.477 0
940.627 0
940.777 0
940.927 0
941.077 0
941.227 0
941.377 0
941.527 0
941.677 0
941.827 0
941.977 0
942.127 0
942.277 0
942.427 0
942.577 0
942.727 0
942.877 0
943.027 0
943.177 0
943.327 0
943.477 0
943.627 0
943.777 0
943.927 0
944.077 0
944.227 0
944.377 0
944.527 0
944.677 0
944.827 0
944.977 0
945.127 0
945.277 0
945.427 0
945.577 0
945.727 0
945.877 0
946.027 0
946.177 0
946.327 0
946.477 0
946.627 0
946.777 0
946.927 0
947.077 0
947.227 0
947.377 0
947.527 0
947.677 0
947.827 0
947.977 0
948.127 0
948.277 0
948.427 0
948.577 0
948.727 0
948.877 0
949.027 0
949.177 0
949.327 0
949.477 0
949.627 0
949.777 0
949.927 0
950.077 0
950.227 0
950.377 0
950.527 0
950.677 0
950.827 0
950.977 0
951.127 0
951.277 0
951.427 0
951.577 0
951.727 0
951.877 0
952.027 0
952.177 0
952.327 0
952.477 0
952.627 0
952.777 0
952.927 0
953.077 0
953.227 0
953.377 0
953.527 0
953.677 1
953.827 4
953.977 10
954.127 25
954.277 59
954.427 133
954.577 285
954.727 587
954.877 1151
955.027 2165
955.177 3871
955.327 6618
955.477 10741
955.627 16580
955.777 24190
955.927 33278
956.077 42916
956.227 51606
956.377 57621
956.527 59473
956.677 56757
956.827 50098
956.977 41091
957.127 31461
957.277 22603
957.427 15324
957.577 9829
957.727 5996
957.877 3477
958.027 1926
958.177 1017
958.327 514
958.477 248
958.627 114
958.777 50
958.927 22
959.077 9
959.227 3
959.377 1
959.527 1
959.677 0
959.827 0
959.977 0
960.127 0
960.277 0
960.427 0
960.577 0
960.727 0
960.877 0
961.027 0
961.177 0
961.327 0
961.477 0
961.627 0
961.777 0
961.927 0
962.077 0
962.227 0
962.377 0
962.527 0
962.677 0
962.827 0
962.977 0
963.127 0
963.277 0
963.427 0
963.577 0
963.727 0
963.877 0
964.027 0
964.177 0
964.327 0
964.477 0
964.627 0
964.777 0
964.927 0
965.077 0
965.227 0
965.377 0
965.527 0
965.677 0
965.827 0
965.977 0
966.127 0
966.277 0
966.427 0
966.577 0
966.727 0
966.877 0
967.027 0
967.177 0
967.327 0
967.477 0
967.627 0
967.777 0
967.927 0
968.077 0
968.227 0
968.377 0
968.527 0
968.677 0
968.827 0
968.977 0
969.127 0
969.277 0
969.427 0
969.577 0
969.727 0
969.877 0
970.027 0
970.177 0
970.327 0
970.477 0
970.627 0
970.777 0
970.927 0
971.077 0
971.227 0
971.377 0
971.527 0
971.677 0
971.827 0
971.977 0
972.127 0
972.277 0
972.427 0
972.577 0
972.727 0
972.877 0
973.027 0
973.177 0
973.327 0
973.477 0
973.627 0
973.777 0
973.927 0
974.077 0
974.227 0
974.377 0
974.527 0
974.677 0
974.827 0
974.977 0
975.127 0
975.277 0
975.427 0
975.577 0
975.727 0
975.877 0
976.027 0
976.177 0
976.327 0
976.477 0