156.515 51097.3
156.665 51388
156.815 52263
156.965 52866.7
157.115 51458.1
157.265 51073.5
157.415 51743
157.565 50398.9
157.715 51963.9
157.865 51849.6
158.015 50977.3
158.165 50075.2
158.315 51863.1
158.465 51376.6
158.615 50859.4
158.765 50401.4
158.915 51925
159.065 51981.7
159.215 52279.1
159.365 50213
159.515 50982.7
159.665 52350
159.815 50825.3
159.965 48531.5
160.115 51318.9
160.265 51540.1
160.415 52450.7
160.565 50639.3
160.715 50297.1
160.865 51105.9
161.015 51907.2
161.165 51492.7
161.315 51084.6
161.465 51980.6
161.615 50379.7
161.765 51708.1
161.915 49545.2
162.065 50723.4
162.215 52535.9
162.365 51761.2
162.515 50221.5
162.665 51539.7
162.815 51027.9
162.965 51432.1
163.115 50049.9
163.265 49949
163.415 50173.8
163.565 51481.3
163.715 51859.2
163.865 51855.9
164.015 49711.2
164.165 51113.3
164.315 49022
164.465 50303.5
164.615 49271
164.765 49611.8
164.915 49455.9
165.065 50093.7
165.215 49040.6
165.365 50457.4
165.515 49724.3
165.665 49237.2
165.815 50105.8
165.965 50026.3
166.115 51909.3
166.265 48928.3
166.415 49493.5
166.565 49077.6
166.715 49589
166.865 50428.9
167.015 50180.9
167.165 49163.8
167.315 49076.8
167.465 48597.5
167.615 49139.2
167.765 49354
167.915 48590.3
168.065 49065.9
168.215 49354.6
168.365 50452
168.515 50850.6
168.665 50082.3
168.815 48908
168.965 48924.8
169.115 48053.6
169.265 49064.7
169.415 48742
169.565 47740.9
169.715 49048.7
169.865 49859.7
170.015 49655.6
170.165 50466.3
170.315 47050.3
170.465 49076.5
170.615 48811.1
170.765 47441
170.915 48214.6
171.065 49004.6
171.215 48821.1
171.365 46989.1
171.515 48249.1
171.665 49973.3
171.815 48025.4
171.965 47318.9
172.115 47905.8
172.265 46501.8
172.415 46184.1
172.565 46806.7
172.715 47984.6
172.865 48086
173.015 47978.8
173.165 47030.7
173.315 47350.9
173.465 48637.4
173.615 46622.6
173.765 45893.5
173.915 46213.7
174.065 47716.7
174.215 46425.6
174.365 46761.1
174.515 45929.1
174.665 46657.8
174.815 47489.1
174.965 48171.1
175.115 47359.1
175.265 46439.5
175.415 45103.9
175.565 45788.8
175.715 46847.6
175.865 46677.4
176.015 45419.8
176.165 45789.5
176.315 46412.8
176.465 45020.6
176.615 46520.3
176.765 47291.1
176.915 45402.8
177.065 45745.7
177.215 47114.4
177.365 45899.9
177.515 45278.4
177.665 47210.9
177.815 47140.1
177.965 48369.9
178.115 47074.2
178.265 46581.6
178.415 45762.4
178.565 47511.2
178.715 46359
178.865 46996.6
179.015 45635.6
179.165 45738.9
179.315 47109.1
179.465 48637.7
179.615 46724.4
179.765 48180.7
179.915 49779.9
180.065 49724.7
180.215 51158.2
180.365 54948.9
180.515 57164.9
180.665 60491.7
180.815 62758.3
180.965 67967.5
181.115 71676.8
181.265 72144.1
181.415 74474.5
181.565 72176.3
181.715 70427.5
181.865 70799.3
182.015 68401.6
182.165 64071.1
182.315 62720.2
182.465 59974.2
182.615 56444.7
182.765 56372.4
182.915 55269.3
183.065 55019.3
183.215 54451.6
183.365 53044.8
183.515 51184.6
183.665 49661.7
183.815 49342.5
183.965 48792.6
184.115 47071.3
184.265 49228.9
184.415 48042.9
184.565 46263.6
184.715 46669.6
184.865 46778.5
185.015 45538.8
185.165 47608
185.315 46285.6
185.465 45191.5
185.615 45673.1
185.765 45869.3
185.915 46710.5
186.065 46494.3
186.215 45102.8
186.365 45247.5
186.515 46160.6
186.665 44968.2
186.815 45165.5
186.965 46035.3
187.115 46271.1
187.265 46992
187.415 45328.3
187.565 46448.4
187.715 46697
187.865 44630.2
188.015 44499.1
188.165 44198.5
188.315 45186.2
188.465 46493.7
188.615 45865.4
188.765 45261.3
188.915 45452.6
189.065 46470.5
189.215 45652.4
189.365 46558.8
189.515 45582.2
189.665 45864.3
189.815 45485.4
189.965 47255.1
190.115 45799.4
190.265 46046.3
190.415 45177.2
190.565 44448.2
190.715 44798.3
190.865 46196.6
191.015 46416.7
191.165 46263.9
191.315 46500.1
191.465 44218.1
191.615 45502.1
191.765 44778.7
191.915 44310.7
192.065 44996.7
192.215 45733.3
192.365 44897
192.515 44010.5
192.665 44742.8
192.815 46647.5
192.965 45358.9
193.115 45259.9
193.265 45691.9
193.415 46330.5
193.565 46538.9
193.715 46152.8
193.865 46420.2
194.015 46202.6
194.165 44295.8
194.315 45595.8
194.465 45766
194.615 44503.7
194.765 44417.6
194.915 44842.8
195.065 44502
195.215 46484.7
195.365 46516.1
195.515 44284.4
195.665 44717.5
195.815 45240.7
195.965 45517.8
196.115 45444.8
196.265 45100.7
196.415 46148.9
196.565 45871.1
196.715 43635.4
196.865 46322
197.015 46175.9
197.165 45320.1
197.315 45331.9
197.465 46444.1
197.615 45299.4
197.765 43933.3
197.915 44828.9
198.065 46092.3
198.215 46779.6
198.365 46411
198.515 46531.7
198.665 45490.7
198.815 46669.9
198.965 45808.8
199.115 44191.8
199.265 45442.6
199.415 42268.9
199.565 46602.3
199.715 46814.6
199.865 46007.5
200.015 44831.1
200.165 44794.1
200.315 47029.7
200.465 46491.5
200.615 46044.6
200.765 46696.3
200.915 45480
201.065 45860.4
201.215 47934
201.365 45477.2
201.515 45889.6
201.665 46315.5
201.815 46648.1
201.965 44402.3
202.115 45180.1
202.265 46677.8
202.415 45152.7
202.565 44551.1
202.715 46082.3
202.865 46613.3
203.015 46450.5
203.165 45694.1
203.315 45910.2
203.465 45117.1
203.615 46375
203.765 45477.2
203.915 45099.6
204.065 46934.2
204.215 46262.1
204.365 47085.5
204.515 45627.1
204.665 43950.7
204.815 44059.3
204.965 45443.3
205.115 46087.2
205.265 46442.4
205.415 45596.1
205.565 47376.2
205.715 44736
205.865 45718
206.015 46070.2
206.165 46024.2
206.315 46272.4
206.465 45911.7