1296.52 21603.1
1296.67 21327.2
1296.82 21317.6
1296.97 21888.3
1297.12 20931.2
1297.27 21344.7
1297.42 22049.9
1297.57 22249.1
1297.72 20581.2
1297.87 20933.1
1298.02 21283.6
1298.17 21453.5
1298.32 21192.8
1298.47 21933.2
1298.62 21473.8
1298.77 21018.8
1298.92 20973.8
1299.07 21225
1299.22 21704.1
1299.37 21484.7
1299.52 21446.2
1299.67 20532
1299.82 21034
1299.97 20512
1300.12 19586.6
1300.27 19999.1
1300.42 21403.5
1300.57 19729.4
1300.72 21852.2
1300.87 21639.9
1301.02 20553
1301.17 20385
1301.32 21003.4
1301.47 20828
1301.62 21089.8
1301.77 21167.8
1301.92 21444.7
1302.07 19969.2
1302.22 20787.6
1302.37 21581.5
1302.52 20318.5
1302.67 20504.7
1302.82 20899.6
1302.97 21321.6
1303.12 20630.5
1303.27 20219.8
1303.42 21490.9
1303.57 20641.9
1303.72 20803
1303.87 21377.9
1304.02 21016
1304.17 21455
1304.32 20902.6
1304.47 20839.8
1304.62 21167.4
1304.77 21098.8
1304.92 21250.9
1305.07 21018.2
1305.22 20944.5
1305.37 20922.7
1305.52 21644.1
1305.67 20786.8
1305.82 20843.4
1305.97 21045.1
1306.12 20500.6
1306.27 21458.6
1306.42 19872.6
1306.57 20151.4
1306.72 20915
1306.87 21034.6
1307.02 20590.2
1307.17 20310.4
1307.32 20456.4
1307.47 21020.3
1307.62 20819.9
1307.77 20026.8
1307.92 20378
1308.07 20539.5
1308.22 21126.1
1308.37 20998.7
1308.52 20922.4
1308.67 21271.2
1308.82 20876.3
1308.97 21103
1309.12 20583.8
1309.27 20921.8
1309.42 21063.1
1309.57 21326.3
1309.72 20826.1
1309.87 19927.3
1310.02 20560.2
1310.17 20321.8
1310.32 20100
1310.47 20803
1310.62 20124.7
1310.77 20034.8
1310.92 20829.7
1311.07 21386.2
1311.22 21737.7
1311.37 20945.5
1311.52 21057.3
1311.67 19757.8
1311.82 20925.2
1311.97 20310.6
1312.12 19653.8
1312.27 20482
1312.42 20587.4
1312.57 19767
1312.72 20610.2
1312.87 20845.5
1313.02 20863
1313.17 20120.9
1313.32 20692.3
1313.47 21608.6
1313.62 20021.1
1313.77 19860.4
1313.92 20825.9
1314.07 21082.5
1314.22 20931
1314.37 19954.6
1314.52 20278.8
1314.67 19774
1314.82 20768
1314.97 20064.7
1315.12 21453.3
1315.27 20157.4
1315.42 21053.5
1315.57 20586.1
1315.72 20297.2
1315.87 20121.3
1316.02 19999.7
1316.17 19605.2
1316.32 19723.9
1316.47 20910.5
1316.62 20865
1316.77 20712.4
1316.92 21003.9
1317.07 19830.2
1317.22 20480.3
1317.37 20217.7
1317.52 19954
1317.67 20948.9
1317.82 20378.4
1317.97 20532.4
1318.12 19686.7
1318.27 20137.3
1318.42 20855.1
1318.57 21323.1
1318.72 20666.2
1318.87 20519.2
1319.02 19988
1319.17 20372.2
1319.32 20643.8
1319.47 19784.7
1319.62 20291.9
1319.77 20065.5
1319.92 19286.2
1320.07 19970.6
1320.22 19895.7
1320.37 20024.9
1320.52 20792.7
1320.67 19400.9
1320.82 20208.3
1320.97 19454
1321.12 20451.5
1321.27 20483.3
1321.42 20405.3
1321.57 20531.8
1321.72 20165.8
1321.87 19785
1322.02 20208.5
1322.17 19667
1322.32 20531
1322.47 19461.2
1322.62 19658
1322.77 19324.6
1322.92 20566.9
1323.07 19740.1
1323.22 19274.2
1323.37 20712.8
1323.52 19559.7
1323.67 20243.5
1323.82 19857
1323.97 19844.1
1324.12 20091.6
1324.27 20213.4
1324.42 19991.8
1324.57 20633.1
1324.72 20532.9
1324.87 19732.4
1325.02 19829.6
1325.17 19736.9
1325.32 19255.6
1325.47 19937.6
1325.62 19970
1325.77 20356.8
1325.92 20116.2
1326.07 20092.7
1326.22 19269.3
1326.37 20400.2
1326.52 19941.4
1326.67 19440.7
1326.82 19822.1
1326.97 19704.4
1327.12 19618.7
1327.27 19643.5
1327.42 20399.3
1327.57 20084.8
1327.72 20013.6
1327.87 20303.6
1328.02 20063.6
1328.17 19792.9
1328.32 19883.3
1328.47 20153.4
1328.62 20388.2
1328.77 20233.3
1328.92 19642.8
1329.07 20172.4
1329.22 19618.9
1329.37 19620.8
1329.52 20186.5
1329.67 20484.6
1329.82 19800.1
1329.97 19775.8
1330.12 19480.2
1330.27 18810.9
1330.42 20342.5
1330.57 19525.1
1330.72 20233.3
1330.87 19749.9
1331.02 18992.8
1331.17 19328.7
1331.32 19899.7
1331.47 18143.8
1331.62 19464.6
1331.77 19020.3
1331.92 19441.6
1332.07 20088.6
1332.22 19604.4
1332.37 19500.3
1332.52 20366.4
1332.67 19009.2
1332.82 19220
1332.97 19235.8
1333.12 19639.9
1333.27 19340.2
1333.42 20394.2
1333.57 19246.7
1333.72 19887.8
1333.87 20119.8
1334.02 20363.7
1334.17 19652.9
1334.32 20113.9
1334.47 18914.3
1334.62 19363.8
1334.77 18946.8
1334.92 19040.6
1335.07 20384.1
1335.22 18683.4
1335.37 19646.2
1335.52 19602.4
1335.67 19889.2
1335.82 19769.4
1335.97 19337.9
1336.12 18493
1336.27 19601.2
1336.42 19698
1336.57 19337.3
1336.72 18930.2
1336.87 19534.7
1337.02 19625.8
1337.17 19028.2
1337.32 19856.3
1337.47 20490.8
1337.62 19146
1337.77 19294.5
1337.92 20235.4
1338.07 19727.9
1338.22 19379.4
1338.37 20241
1338.52 18424.1
1338.67 18768.4
1338.82 19768
1338.97 19418.2
1339.12 20349.3
1339.27 20239.7
1339.42 19352.9
1339.57 20107
1339.72 19081.3
1339.87 19370.4
1340.02 19416.8
1340.17 19998.9
1340.32 18687.9
1340.47 18840.4
1340.62 19685
1340.77 18804.7
1340.92 19109.5
1341.07 19298
1341.22 19662.3
1341.37 19794.3
1341.52 19133.2
1341.67 19390.7
1341.82 18928.5
1341.97 19377.7
1342.12 19554.6
1342.27 18745.8
1342.42 19133.2
1342.57 18828.4
1342.72 18429.1
1342.87 19144.5
1343.02 19553.8
1343.17 18852.4
1343.32 19397.1
1343.47 18812.6
1343.62 18148.5
1343.77 19032.5
1343.92 19460.8
1344.07 19113.6
1344.22 18281.8
1344.37 19286.2
1344.52 18244.2
1344.67 19436.4
1344.82 18746.6
1344.97 18410.9
1345.12 18508.8
1345.27 18496.4
1345.42 18254.5
1345.57 18691.3
1345.72 18087.4
1345.87 18410.2
1346.02 19018.2
1346.17 19047.9
1346.32 18832.5
1346.47 18817.6
1346.62 19068.4
1346.77 18094
1346.92 18490.2
1347.07 18771.2
1347.22 18416
1347.37 19371.2
1347.52 18157.9
1347.67 18969.1
1347.82 19737.5
1347.97 18826.1
1348.12 18802.8
1348.27 18024.5
1348.42 19007.8
1348.57 18631
1348.72 18965.9
1348.87 18807.3
1349.02 18569
1349.17 18792.3
1349.32 18676.7
1349.47 18897.3
1349.62 18516.7
1349.77 18038.8
1349.92 18759
1350.07 18371.1
1350.22 17640.3
1350.37 18990.2
1350.52 18351.3
1350.67 18446.1
1350.82 18530.3
1350.97 18474.4
1351.12 19175.1
1351.27 19021
1351.42 18850.9
1351.57 18537.4
1351.72 18198.5
1351.87 17960.4
1352.02 18864
1352.17 19536.2
1352.32 19170.8
1352.47 18197.9
1352.62 18213.5
1352.77 18790.4
1352.92 18236.9
1353.07 19097.5
1353.22 18075
1353.37 18776.1
1353.52 19252.9
1353.67 18512
1353.82 18762
1353.97 18724.1
1354.12 18079.7
1354.27 18418.8
1354.42 18212
1354.57 17958.5
1354.72 19048.8
1354.87 18690.8
1355.02 17889.3
1355.17 17824.7
1355.32 18523.7
1355.47 17875.6
1355.62 18367.8
1355.77 18351.1
1355.92 18176.7
1356.07 17615.3
1356.22 17748.2
1356.37 17974.7
1356.52 18228.2
1356.67 17938.2
1356.82 18478.6
1356.97 19131.3
1357.12 17843.3
1357.27 18489.3
1357.42 17162
1357.57 18244.6
1357.72 18106.1
1357.87 18430.5
1358.02 17795.9
1358.17 17862.8
1358.32 17692
1358.47 18531.6
1358.62 17357.6
1358.77 17218.7
1358.92 17810.2
1359.07 17988.4
1359.22 18493.8
1359.37 17902.9
1359.52 18715.4
1359.67 18229
1359.82 17625.1
1359.97 18346.1
1360.12 17584.7
1360.27 17712.1
1360.42 18397.7
1360.57 17706.1
1360.72 18267.7
1360.87 18230.7
1361.02 17795.5
1361.17 18109
1361.32 17297.6
1361.47 17126.6
1361.62 18211.3
1361.77 18109.2
1361.92 18315.8
1362.07 17290.7
1362.22 18129
1362.37 18257.5
1362.52 17400.5
1362.67 17500.8
1362.82 17979.5
1362.97 17398.6
1363.12 17474
1363.27 17227.9
1363.42 17920.2
1363.57 17361.5
1363.72 17521.1
1363.87 17210.6
1364.02 17282.4
1364.17 17014.6
1364.32 16536.6
1364.47 17700.6
1364.62 17354.2
1364.77 17385.6
1364.92 18529.5
1365.07 17746.7
1365.22 17398
1365.37 17698.9
1365.52 17150.9
1365.67 17022.3
1365.82 17702.7
1365.97 17342
1366.12 16628.7
1366.27 16964
1366.42 17611.9
1366.57 16976
1366.72 17190
1366.87 16789.8
1367.02 17442.2
1367.17 17034.3
1367.32 17421.9
1367.47 17676.4
1367.62 17177.7
1367.77 17224
1367.92 16670.5
1368.07 17800.6
1368.22 17560
1368.37 17066.8
1368.52 17362.3
1368.67 15905.5
1368.82 16890.4
1368.97 17516.1
1369.12 16894.3
1369.27 17049.2
1369.42 16337.4
1369.57 16875.5
1369.72 16859.7
1369.87 16502.2
1370.02 16896.2
1370.17 16875.7
1370.32 17434.9
1370.47 16144.7
1370.62 17211.7
1370.77 17464.9
1370.92 16705.8
1371.07 16803.3
1371.22 16598.5
1371.37 16814
1371.52 17907.2
1371.67 17195.9
1371.82 16707.8
1371.97 17176.6
1372.12 16440.8
1372.27 16594.5
1372.42 16622.3
1372.57 16829.8
1372.72 17722.8
1372.87 17217.7
1373.02 17279
1373.17 16521.4
1373.32 15538.4
1373.47 16802.2
1373.62 17119.1
1373.77 17807.2
1373.92 17380.9
1374.07 17788.6
1374.22 16522
1374.37 17778
1374.52 16733.8
1374.67 16940.9
1374.82 16521.2
1374.97 17420
1375.12 16880.8
1375.27 17273.2
1375.42 16979.4
1375.57 17645.7
1375.72 17033
1375.87 17111.9
1376.02 17202.9
1376.17 16936.4
1376.32 17339.2
1376.47 17389
1376.62 17639.5
1376.77 16304.9
1376.92 16572
1377.07 17289.7
1377.22 17338.1
1377.37 17364.9
1377.52 16631.3
1377.67 16986.8
1377.82 17177.5
1377.97 18010.4
1378.12 16970.4
1378.27 16936.4
1378.42 16619.9
1378.57 17394.6
1378.72 17046.7
1378.87 15861.7
1379.02 16427
1379.17 16192.5
1379.32 15786.7
1379.47 16644.3
1379.62 16187.2
1379.77 16271.2
1379.92 16048
1380.07 17747.2
1380.22 16340.4
1380.37 16856.7
1380.52 16299.2
1380.67 16681
1380.82 16537.2
1380.97 15741.9
1381.12 16377.4
1381.27 16310.7
1381.42 16062.2
1381.57 16353.7
1381.72 15797.4
1381.87 15476
1382.02 15863
1382.17 15912.6
1382.32 15542.5
1382.47 15303.4
1382.62 15688.2
1382.77 15956.4
1382.92 15507.7
1383.07 15815.4
1383.22 15143.3
1383.37 14698
1383.52 14518
1383.67 15802.5
1383.82 15733.1
1383.97 15012.5
1384.12 15512.8
1384.27 14787.7
1384.42 14988.3
1384.57 14672.3
1384.72 15006.1
1384.87 15667.3
1385.02 14194.9
1385.17 14079.7
1385.32 14386
1385.47 14882.4
1385.62 14348.3
1385.77 14744.5
1385.92 15340.1
1386.07 14460.1
1386.22 13995.5
1386.37 14330.6
1386.52 13966.2
1386.67 14065.2
1386.82 14007.3
1386.97 13801.7
1387.12 14056.9
1387.27 13926.3
1387.42 13047.4
1387.57 13603.2
1387.72 13160.8
1387.87 12668.7
1388.02 13230.3
1388.17 12565.7
1388.32 12476.8
1388.47 11957.3
1388.62 12725.1
1388.77 12934.3
1388.92 11855.6
1389.07 12287.7
1389.22 11684.6
1389.37 12261.6
1389.52 11738.5
1389.67 12341.5
1389.82 11884.2
1389.97 12495
1390.12 11814.8
1390.27 11619.5
1390.42 11948.3
1390.57 11664.3
1390.72 11350.8
1390.87 12022.7
1391.02 12100.3
1391.17 11562.2
1391.32 11215.1
1391.47 11311.5
1391.62 11531.9
1391.77 10145.2
1391.92 10914.9
1392.07 11569.5
1392.22 11156.4
1392.37 11327.6
1392.52 11764.3
1392.67 11542.3
1392.82 10469.4
1392.97 11212.1
1393.12 11254.2
1393.27 10296.9
1393.42 10802.3
1393.57 10726
1393.72 10726.6
1393.87 10731.1
1394.02 10970
1394.17 10767.5
1394.32 11740.2
1394.47 11098.9
1394.62 11785.9
1394.77 11335.2
1394.92 10631.8
1395.07 11451.3
1395.22 11588.9
1395.37 12494.7
1395.52 12589.2
1395.67 12658.4
1395.82 13568.6
1395.97 13482.7
1396.12 14272.5
1396.27 14821.7
1396.42 15544.4
1396.57 15170
1396.72 15854.2
1396.87 16592.3
1397.02 16278.4
1397.17 15866
1397.32 16712.4
1397.47 17194.5
1397.62 17773.2
1397.77 17868.7
1397.92 19841.2
1398.07 21986.7
1398.22 24371.7
1398.37 25496.6
1398.52 28412.7
1398.67 31370
1398.82 34779.1
1398.97 36236.9
1399.12 30717.8
1399.27 23677.4
1399.42 17080.2
1399.57 14007.7
1399.72 12205.9
1399.87 11686.1
1400.02 10733.5
1400.17 11594.7
1400.32 11101.5
1400.47 9841.95
1400.62 10427.5
1400.77 10142.8
1400.92 10708
1401.07 11241.2
1401.22 11061.9
1401.37 12822.5
1401.52 13599.6
1401.67 15291
1401.82 18817.8
1401.97 22119.4
1402.12 25630.8
1402.27 29360.4
1402.42 35152.2
1402.57 40275.1
1402.72 40136
1402.87 29585
1403.02 20014
1403.17 13677.3
1403.32 11421.4
1403.47 10533.9
1403.62 9769.27
1403.77 9212.39
1403.92 8784.34
1404.07 8619.37
1404.22 8402.49
1404.37 8838
1404.52 8348
1404.67 7802.63
1404.82 8398.44
1404.97 8002.05
1405.12 8110.78
1405.27 7757.56
1405.42 7794.98
1405.57 8135.61
1405.72 8393.95
1405.87 7990.93
1406.02 8221.27
1406.17 8043.27
1406.32 7712.49
1406.47 8211.02
1406.62 8362.29
1406.77 7944.98
1406.92 7507.12
1407.07 7056.63
1407.22 7975.12
1407.37 7805.41
1407.52 8400.78
1407.67 8196.68
1407.82 8034.1
1407.97 7729.12
1408.12 8403.12
1408.27 7899.02
1408.42 7930
1408.57 7396.63
1408.72 7885.56
1408.87 7472.68
1409.02 7934.73
1409.17 7677.85
1409.32 7686.63
1409.47 8178.1
1409.62 8009.71
1409.77 7713.76
1409.92 7608.83
1410.07 7435.76
1410.22 7189.12
1410.37 7961.66
1410.52 7819.76
1410.67 7713.12
1410.82 7710.98
1410.97 7484.68
1411.12 7322.24
1411.27 7219.71
1411.42 7356.44
1411.57 7722.73
1411.72 7640.24
1411.87 7913.76
1412.02 7355.8
1412.17 7908
1412.32 6980.34
1412.47 7111.76
1412.62 7810.78
1412.77 7507.51
1412.92 7882.34
1413.07 7579.76
1413.22 7079.27
1413.37 7209.66
1413.52 7145.95
1413.67 7581.27
1413.82 6831.85
1413.97 7594.49
1414.12 7650.73
1414.27 7397.9
1414.42 7220.73
1414.57 7271.41
1414.72 7402.63
1414.87 7253.22
1415.02 7536.39
1415.17 7110.05
1415.32 7091.9
1415.47 7101.07
1415.62 7160.05
1415.77 6541.61
1415.92 7070.29
1416.07 6941.22
1416.22 7082.49
1416.37 7100.68
1416.52 7418.63
1416.67 6445.02
1416.82 6648.68
1416.97 7183.56
1417.12 7356.88
1417.27 7284.44
1417.42 7639.61
1417.57 7694.1
1417.72 7379.95
1417.87 6766.44
1418.02 7518.63
1418.17 7380.2
1418.32 7132.93
1418.47 7700.1
1418.62 7497.9
1418.77 7046.83
1418.92 6414.05
1419.07 6623.9
1419.22 6820.29
1419.37 7014.34
1419.52 7057.27
1419.67 6583.95
1419.82 6817.51
1419.97 6886.54
1420.12 6811.12
1420.27 6997.85
1420.42 6593.56
1420.57 6519.85
1420.72 6965.61
1420.87 6585.66
1421.02 6730.98
1421.17 7356.44
1421.32 7030.34
1421.47 6811.51
1421.62 6890.15
1421.77 7047.02
1421.92 6938.88
1422.07 6406.15
1422.22 7198.73
1422.37 7029.51
1422.52 6902.34
1422.67 6793.56
1422.82 6797.22
1422.97 6560.24
1423.12 7120.1
1423.27 7475.07
1423.42 7127.8
1423.57 7003.85
1423.72 7104.1
1423.87 7605.85
1424.02 7169.66
1424.17 7228
1424.32 7263.71
1424.47 7390.44
1424.62 7171.41
1424.77 7547.9
1424.92 7706.93
1425.07 7820.15
1425.22 7666.29
1425.37 7469.27
1425.52 7665.46
1425.67 7473.76
1425.82 8435.8
1425.97 8365.07
1426.12 8151.41
1426.27 8649.07
1426.42 8561.71
1426.57 8978.63
1426.72 8315.71
1426.87 8112.73
1427.02 8740.78
1427.17 7999.27
1427.32 8577.71
1427.47 8711.07
1427.62 8857.02
1427.77 8954.68
1427.92 8601.02
1428.07 8550.78
1428.22 8175.12
1428.37 7466.29
1428.52 7454.73
1428.67 6911.56
1428.82 6481.8
1428.97 6073.22
1429.12 5990.93
1429.27 5760.78
1429.42 6070.63
1429.57 6119.17
1429.72 5507.56
1429.87 5601.61
1430.02 5520.83
1430.17 5787.51
1430.32 4895.32
1430.47 5418
1430.62 5563.12
1430.77 5759.07
1430.92 5166.49
1431.07 5110.73
1431.22 5843.27
1431.37 5569.95
1431.52 5481.9
1431.67 5327.61
1431.82 4995.32
1431.97 4988.93
1432.12 4683.77
1432.27 4429.68
1432.42 4950.05
1432.57 5118.44
1432.72 5437.71
1432.87 5072.24
1433.02 4976.1
1433.17 5199.22
1433.32 4953.66
1433.47 4970.1
1433.62 5241.32
1433.77 5500.49
1433.92 4777.58
1434.07 5594.54
1434.22 5622.29
1434.37 6165.95
1434.52 6314.68
1434.67 6282.83
1434.82 6590.59
1434.97 7326.1
1435.12 7594.1
1435.27 8065.9
1435.42 8291.17
1435.57 7906.73
1435.72 7739.8
1435.87 7694.73
1436.02 8305.71
1436.17 8428.15
1436.32 9004.68
1436.47 9322.44
1436.62 8902.73
1436.77 9301.27
1436.92 9172.44
1437.07 8642.05
1437.22 8436.24
1437.37 7615.22
1437.52 6879.27
1437.67 5842
1437.82 5185.32
1437.97 5071.85
1438.12 4484.6
1438.27 4648.94
1438.42 4956.24
1438.57 4770.53
1438.72 4439.51
1438.87 4541.87
1439.02 4363.44
1439.17 4951.32
1439.32 4572
1439.47 4710.91
1439.62 4646.8
1439.77 4565.6
1439.92 4560.47
1440.07 4991.51
1440.22 4701.51
1440.37 4748.94
1440.52 4693.17
1440.67 4602.14
1440.82 4898.34
1440.97 4533.11
1441.12 4267.06
1441.27 4700.86
1441.42 4456.4
1441.57 4988.93
1441.72 4011.7
1441.87 4641.67
1442.02 4683.77
1442.17 4799.17
1442.32 4906
1442.47 4861.78
1442.62 4753.86
1442.77 4523.5
1442.92 4572.22
1443.07 4310.01
1443.22 4316.85
1443.37 4523.71
1443.52 4625.86
1443.67 4520.51
1443.82 4521.15
1443.97 3991.61
1444.12 4374.34
1444.27 4516.87
1444.42 4547.64
1444.57 4248.9
1444.72 4774.8
1444.87 4355.1
1445.02 4327.11
1445.17 4713.47
1445.32 4887.41
1445.47 4278.18
1445.62 4539.74
1445.77 4830.36
1445.92 4389.3
1446.07 4380.96
1446.22 4467.72
1446.37 4112.35
1446.52 4932.1