1296.48 64375.7
1296.63 66187.4
1296.78 69109.4
1296.93 66932.9
1297.08 65144.3
1297.23 67482.3
1297.38 64776.3
1297.53 66296.4
1297.68 66882.7
1297.83 63956.4
1297.98 65193
1298.13 65597.3
1298.28 64650.4
1298.43 65732.6
1298.58 67369.7
1298.73 66682.6
1298.88 66956.6
1299.03 65830.1
1299.18 63015.1
1299.33 67913.6
1299.48 64853.9
1299.63 65940.3
1299.78 66190.6
1299.93 66907.1
1300.08 65108.6
1300.23 65327.6
1300.38 65723.7
1300.53 64074.1
1300.68 65104.9
1300.83 65280
1300.98 64900.7
1301.13 65179.3
1301.28 63254.9
1301.43 66278.3
1301.58 66018.6
1301.73 66373.4
1301.88 67864.7
1302.03 67688.9
1302.18 66876.6
1302.33 65634.9
1302.48 68217.7
1302.63 68439.9
1302.78 65944
1302.93 66365.1
1303.08 65328.3
1303.23 66034.7
1303.38 65154.3
1303.53 63355
1303.68 65552.3
1303.83 65503.4
1303.98 65571
1304.13 65929.7
1304.28 64979
1304.43 67521.7
1304.58 66154.3
1304.73 64435.7
1304.88 66492.9
1305.03 67352.7
1305.18 66774.6
1305.33 65124.3
1305.48 63883.1
1305.63 63795
1305.78 64360.7
1305.93 64787.6
1306.08 65387.7
1306.23 65320.7
1306.38 64925.9
1306.53 64892
1306.68 64257.4
1306.83 64751.3
1306.98 66037.3
1307.13 65228.1
1307.28 64803.1
1307.43 65827
1307.58 66192.6
1307.73 64144.1
1307.88 64668.6
1308.03 64111.7
1308.18 64860.7
1308.33 65666.1
1308.48 64487.7
1308.63 64564.7
1308.78 66714.4
1308.93 65234.3
1309.08 62640.3
1309.23 65007.1
1309.38 63416.3
1309.53 65254.4
1309.68 64017.1
1309.83 64683
1309.98 64439.6
1310.13 63960.1
1310.28 64731.9
1310.43 65545.4
1310.58 65142.4
1310.73 66974.7
1310.88 65638.7
1311.03 65519.7
1311.18 66671.3
1311.33 64035.9
1311.48 65046
1311.63 64022.7
1311.78 66218.7
1311.93 67432.9
1312.08 66849.6
1312.23 66753.3
1312.38 66312.7
1312.53 65347
1312.68 65562.3
1312.83 67864
1312.98 64710.6
1313.13 64999.1
1313.28 64030.3
1313.43 68175.1
1313.58 66628.1
1313.73 66968.6
1313.88 64054
1314.03 64954.6
1314.18 65920.3
1314.33 64623.6
1314.48 66143
1314.63 65638.6
1314.78 66293.3
1314.93 69404.9
1315.08 65890.9
1315.23 67486
1315.38 63641
1315.53 64077.9
1315.68 65099.9
1315.83 63285.6
1315.98 64537.9
1316.13 64308.7
1316.28 65885.1
1316.43 66196.3
1316.58 64605.4
1316.73 67365.3
1316.88 66870.3
1317.03 66682.4
1317.18 65628.6
1317.33 66856.4
1317.48 65281.9
1317.63 62992.7
1317.78 65422.1
1317.93 66937.9
1318.08 66688.7
1318.23 64589.1
1318.38 66101.7
1318.53 67345.3
1318.68 65852
1318.83 64607.3
1318.98 64020.3
1319.13 67167.6
1319.28 66564.3
1319.43 65427.1
1319.58 66609.9
1319.73 66821.4
1319.88 63848.9
1320.03 62768
1320.18 64676.1
1320.33 65760.7
1320.48 63779.3
1320.63 66688.1
1320.78 64641.1
1320.93 64286.9
1321.08 66006
1321.23 66112.4
1321.38 66193.1
1321.53 63383.9
1321.68 62990.9
1321.83 65896.4
1321.98 66480.4
1322.13 66128.7
1322.28 65199.3
1322.43 64773.7
1322.58 63402
1322.73 63918.9
1322.88 62043.9
1323.03 64572.9
1323.18 64434.6
1323.33 65270
1323.48 65903.4
1323.63 64758.1
1323.78 64882.6
1323.93 64500.3
1324.08 65265
1324.23 64193
1324.38 63894.4
1324.53 68653.9
1324.68 64812
1324.83 64293.1
1324.98 66268.9
1325.13 68090.6
1325.28 65743.7
1325.43 64515.9
1325.58 64786.9
1325.73 65136.7
1325.88 64340.1
1326.03 67342.1
1326.18 64057.1
1326.33 65187.4
1326.48 64857.6
1326.63 64776.9
1326.78 68620.7
1326.93 64630.4
1327.08 66618.7
1327.23 65732.6
1327.38 64708
1327.53 62504.6
1327.68 65823.3
1327.83 61886.9
1327.98 64527.1
1328.13 62647.9
1328.28 66786.4
1328.43 65021
1328.58 64416.4
1328.73 66813.9
1328.88 63690.4
1329.03 63749.9
1329.18 63507.1
1329.33 64205.6
1329.48 64578.6
1329.63 63526.6
1329.78 65513.4
1329.93 65179.9
1330.08 63728
1330.23 66635.6
1330.38 62413.9
1330.53 64572.3
1330.68 64044
1330.83 63848.1
1330.98 65728.1
1331.13 63030.1
1331.28 64387.6
1331.43 65004.1
1331.58 62222.9
1331.73 63637.3
1331.88 65412.1
1332.03 66498.6
1332.18 65014.1
1332.33 63985.3
1332.48 64836.3
1332.63 66529.1
1332.78 62928.1
1332.93 64853.9
1333.08 66281.4
1333.23 62619
1333.38 65227.4
1333.53 63815
1333.68 64115.4
1333.83 63070.3
1333.98 63693
1334.13 63450.1
1334.28 64045.3
1334.43 64796.3
1334.58 66920.3
1334.73 67203.1
1334.88 63688.6
1335.03 64602.3
1335.18 64647.4
1335.33 64330
1335.48 63651.7
1335.63 63660.4
1335.78 64104.1
1335.93 67836.6
1336.08 66238.9
1336.23 67363.4
1336.38 63756.1
1336.53 63437
1336.68 66211.3
1336.83 66563.6
1336.98 65845.1
1337.13 64961.6
1337.28 65242.4
1337.43 64046.6
1337.58 61767.3
1337.73 66529.9
1337.88 64882.7
1338.03 64134.1
1338.18 63552.1
1338.33 66094.3
1338.48 62853.7
1338.63 64114.7
1338.78 67880.3
1338.93 66161.3
1339.08 65430.3
1339.23 65813.3
1339.38 64513.4
1339.53 64752.4
1339.68 63543.4
1339.83 62248
1339.98 63982.1
1340.13 61257.9
1340.28 64101.6
1340.43 65624.3
1340.58 64343.9
1340.73 63678
1340.88 64832.6
1341.03 64588.6
1341.18 63286.1
1341.33 64857.6
1341.48 62398.7
1341.63 62485.1
1341.78 64088.4
1341.93 62589.7
1342.08 65723.7
1342.23 63264.9
1342.38 62681.7
1342.53 63674.9
1342.68 62918.3
1342.83 62271.7
1342.98 62928.9
1343.13 62643.4
1343.28 64147.3
1343.43 63991.4
1343.58 65662.4
1343.73 63721.7
1343.88 64170.4
1344.03 62999
1344.18 62003.9
1344.33 63239.9
1344.48 66671.9
1344.63 63897.6
1344.78 64895.9
1344.93 63893.9
1345.08 61805.4
1345.23 62671.6
1345.38 63719.3
1345.53 62522.7
1345.68 62985.1
1345.83 61804.9
1345.98 64979.7
1346.13 63879.4
1346.28 63291.1
1346.43 63295
1346.58 60635.9
1346.73 62930.7
1346.88 61682.1
1347.03 63683
1347.18 64101
1347.33 64186.7
1347.48 60419.9
1347.63 63207.3
1347.78 62686.6
1347.93 63435.9
1348.08 62930.7
1348.23 62492.6
1348.38 63214.9
1348.53 62928.1
1348.68 62925.1
1348.83 61209
1348.98 62058.3
1349.13 61701
1349.28 64066
1349.43 63701.7
1349.58 63474
1349.73 60523.9
1349.88 62028.9
1350.03 62719.9
1350.18 64001.4
1350.33 63007
1350.48 62018.9
1350.63 60043.9
1350.78 63410.1
1350.93 64581
1351.08 65325.7
1351.23 61860.6
1351.38 60908.7
1351.53 63310
1351.68 61450
1351.83 62686
1351.98 62415.6
1352.13 63438.9
1352.28 63662.3
1352.43 62763
1352.58 62122.7
1352.73 61334.3
1352.88 63223
1353.03 62281.7
1353.18 64243.7
1353.33 58752.1
1353.48 64006.4
1353.63 60490
1353.78 62501.4
1353.93 61726
1354.08 63097.7
1354.23 60494.4
1354.38 63892.6
1354.53 65690
1354.68 61095.9
1354.83 60734.7
1354.98 59769.7
1355.13 64789.4
1355.28 63040.3
1355.43 62238.6
1355.58 61245.4
1355.73 59340.4
1355.88 61010.1
1356.03 62170.3
1356.18 59398
1356.33 62391.9
1356.48 60296
1356.63 62604.7
1356.78 61110.1
1356.93 61399.3
1357.08 63714.9
1357.23 61199.7
1357.38 61336.9
1357.53 61875
1357.68 60863.6
1357.83 62540.1
1357.98 62722.3
1358.13 61601.4
1358.28 61226
1358.43 61224.1
1358.58 65148.6
1358.73 58899.1
1358.88 60228.4
1359.03 60458.7
1359.18 61410.6
1359.33 59866
1359.48 61701.6
1359.63 60434.3
1359.78 60890.6
1359.93 61751
1360.08 62939.4
1360.23 61532
1360.38 64042.1
1360.53 61918.1
1360.68 61545.7
1360.83 63326.3
1360.98 61298.6
1361.13 61905
1361.28 61271.7
1361.43 61337.4
1361.58 62132.1
1361.73 61134
1361.88 61199
1362.03 60835.4
1362.18 60306.7
1362.33 60212.7
1362.48 60908.7
1362.63 62570.3
1362.78 62681
1362.93 60568.9
1363.08 59991.9
1363.23 60823.6
1363.38 64033.4
1363.53 59216.4
1363.68 62724.9
1363.83 61428.7
1363.98 62229.9
1364.13 58698.3
1364.28 62416.3
1364.43 61504.4
1364.58 60930.6
1364.73 62154.7
1364.88 61381.9
1365.03 59783.4
1365.18 62108.4
1365.33 62509.6
1365.48 60205.3
1365.63 62721
1365.78 61584.6
1365.93 60749.1
1366.08 59098.9
1366.23 57840.3
1366.38 59200.1
1366.53 61618.4
1366.68 61007.6
1366.83 59051.9
1366.98 61589
1367.13 59234
1367.28 61428.7
1367.43 60405.6
1367.58 60712.1
1367.73 58632.6
1367.88 59690.1
1368.03 62354.3
1368.18 61526.4
1368.33 59645.1
1368.48 61022
1368.63 59509.4
1368.78 60276.6
1368.93 60568.3
1369.08 61459.4
1369.23 60641.4
1369.38 59909.3
1369.53 60605.1
1369.68 61109
1369.83 60854.9
1369.98 59873
1370.13 61831.1
1370.28 60018.7
1370.43 59444.3
1370.58 60065.7
1370.73 59546.9
1370.88 59576.3
1371.03 60282.3
1371.18 60649
1371.33 59769.7
1371.48 58311.6
1371.63 59990
1371.78 61340.6
1371.93 61539.6
1372.08 61783.6
1372.23 61399.3
1372.38 62784.9
1372.53 61088.9
1372.68 59642
1372.83 58964.3
1372.98 61828.6
1373.13 61301.7
1373.28 62232.3
1373.43 59035
1373.58 59448
1373.73 62558.3
1373.88 62459.4
1374.03 61565.7
1374.18 62544.6
1374.33 63062.1
1374.48 61369.3
1374.63 63264.3
1374.78 62313.6
1374.93 63261.1
1375.08 60960.6
1375.23 62112.7
1375.38 63184.1
1375.53 61446.3
1375.68 61731.6
1375.83 60757.9
1375.98 62398.7
1376.13 62490.1
1376.28 63105.3
1376.43 61738.6
1376.58 63153.6
1376.73 63273.7
1376.88 62488.3
1377.03 61967
1377.18 60997.6
1377.33 63301.1
1377.48 60185.9
1377.63 60533.9
1377.78 62263
1377.93 63130.3
1378.08 61908.1
1378.23 62948.9
1378.38 62222.9
1378.53 59485.6
1378.68 61196.6
1378.83 62023.9
1378.98 59351
1379.13 59151.4
1379.28 59555.7
1379.43 62318
1379.58 59891.1
1379.73 60201.6
1379.88 61078.3
1380.03 60105.1
1380.18 61600.9
1380.33 58625
1380.48 59195.1
1380.63 58677
1380.78 58436.7
1380.93 59422.4
1381.08 56229.4
1381.23 56742.6
1381.38 55926.6
1381.53 57041.1
1381.68 55417.1
1381.83 56142.4
1381.98 57988
1382.13 55445.3
1382.28 55847.7
1382.43 55379
1382.58 55222.4
1382.73 57438.6
1382.88 55987.9
1383.03 52330
1383.18 53192.3
1383.33 54962.7
1383.48 55268.1
1383.63 53476.4
1383.78 54710.6
1383.93 54880.1
1384.08 53099.7
1384.23 53802.4
1384.38 55134.3
1384.53 53298.7
1384.68 55010.3
1384.83 54403.9
1384.98 54896.4
1385.13 52445.1
1385.28 56002.3
1385.43 53149.7
1385.58 54984.7
1385.73 53722.4
1385.88 52202.9
1386.03 54420.1
1386.18 52894.4
1386.33 52025.7
1386.48 50813.6
1386.63 50680.3
1386.78 52281.7
1386.93 49839.1
1387.08 46972.3
1387.23 48869.7
1387.38 47730.1
1387.53 47071.7
1387.68 46477.9
1387.83 47411.6
1387.98 47212
1388.13 44553.4
1388.28 45014.1
1388.43 42406.3
1388.58 43507.7
1388.73 42021.4
1388.88 45517.9
1389.03 44477.7
1389.18 43898.9
1389.33 42233.6
1389.48 40808.6
1389.63 39603.9
1389.78 41269.7
1389.93 40895
1390.08 40545.1
1390.23 41171.6
1390.38 39856
1390.53 41902.6
1390.68 40103.3
1390.83 39053.7
1390.98 38847.3
1391.13 39588.9
1391.28 39963.1
1391.43 39975.6
1391.58 38861.6
1391.73 36975.4
1391.88 37832.1
1392.03 37489.3
1392.18 36996
1392.33 36943.6
1392.48 39832.9
1392.63 37419.1
1392.78 36171.9
1392.93 39130.7
1393.08 37271.4
1393.23 38566.9
1393.38 37837.9
1393.53 36171.9
1393.68 36706.3
1393.83 34311.9
1393.98 33437.6
1394.13 35228.7
1394.28 37817.1
1394.43 36400.9
1394.58 34258.7
1394.73 37285.1
1394.88 36856.4
1395.03 38790.9
1395.18 39232.7
1395.33 38453
1395.48 40403
1395.63 41011.3
1395.78 43239.3
1395.93 45297
1396.08 45681.1
1396.23 45682.4
1396.38 46593
1396.53 46254.4
1396.68 47703.3
1396.83 50100.7
1396.98 49868
1397.13 51781.7
1397.28 52530.9
1397.43 57382.9
1397.58 60990
1397.73 63563.4
1397.88 72346.1
1398.03 82305.6
1398.18 94748.7
1398.33 109970
1398.48 126834
1398.63 164943
1398.78 210529
1398.93 229986
1399.08 186257
1399.23 125803
1399.38 77208.9
1399.53 57839.7
1399.68 48028
1399.83 42122.1
1399.98 39111.3
1400.13 35274.4
1400.28 34218.7
1400.43 34143.6
1400.58 36401.6
1400.73 37681.3
1400.88 35583.6
1401.03 38423.6
1401.18 39587.6
1401.33 46344
1401.48 51729.7
1401.63 62733
1401.78 78644.4
1401.93 97041.7
1402.08 121481
1402.23 155764
1402.38 211244
1402.53 269980
1402.68 263980
1402.83 183484
1402.98 106292
1403.13 61788
1403.28 44100.3
1403.43 35501
1403.58 33235.4
1403.73 29620.1
1403.88 26598
1404.03 26220
1404.18 25057.3
1404.33 24060.3
1404.48 25101.1
1404.63 24736.9
1404.78 24223
1404.93 24045.3
1405.08 22965.1
1405.23 22131.6
1405.38 22932
1405.53 21267.3
1405.68 20986.9
1405.83 21487.6
1405.98 21505.1
1406.13 21460
1406.28 19205.9
1406.43 21087.7
1406.58 20199
1406.73 21620.3
1406.88 22967.7
1407.03 21613.4
1407.18 21657.1
1407.33 21921.9
1407.48 20424.9
1407.63 20763.6
1407.78 20700.9
1407.93 19155.1
1408.08 20638.3
1408.23 20332.9
1408.38 21312.3
1408.53 22002
1408.68 19354.9
1408.83 20600.7
1408.98 18882.9
1409.13 19071.3
1409.28 21196.6
1409.43 19569.4
1409.58 19416.1
1409.73 20434.3
1409.88 19689.6
1410.03 21077
1410.18 20654.6
1410.33 20161.4
1410.48 19197.7
1410.63 19961.9
1410.78 20481.9
1410.93 20031.3
1411.08 21524.4
1411.23 20741
1411.38 19724
1411.53 20149.6
1411.68 18349.7
1411.83 20078.3
1411.98 20889.9
1412.13 20864.9
1412.28 20223.4
1412.43 20864.3
1412.58 20220.3
1412.73 18848.4
1412.88 19248.4
1413.03 19489.3
1413.18 18847.9
1413.33 18736.4
1413.48 18568.1
1413.63 18845.4
1413.78 20018.1
1413.93 19397.3
1414.08 18791.6
1414.23 20966.3
1414.38 19309
1414.53 21102.7
1414.68 19861.7
1414.83 19799.7
1414.98 19188.3
1415.13 18575
1415.28 19749
1415.43 18747.7
1415.58 18511.1
1415.73 19905.4
1415.88 20397.4
1416.03 19708.4
1416.18 20257.1
1416.33 19421.1
1416.48 18393.6
1416.63 18107.6
1416.78 19809.7
1416.93 17809
1417.08 18941.7
1417.23 18080
1417.38 18746.4
1417.53 18043
1417.68 19135.7
1417.83 18288.4
1417.98 19699.6
1418.13 18411
1418.28 18075
1418.43 19089.4
1418.58 16511.7
1418.73 18359.1
1418.88 17923.6
1419.03 17527.4
1419.18 17578.1
1419.33 17942.9
1419.48 17593.1
1419.63 17637.6
1419.78 18440.4
1419.93 18498
1420.08 17345.9
1420.23 17576.9
1420.38 17929.1
1420.53 17680.7
1420.68 17424.7
1420.83 17023.6
1420.98 16857.7
1421.13 16548.6
1421.28 17847.1
1421.43 17112.4
1421.58 17292.7
1421.73 19413
1421.88 18891.7
1422.03 19365.4
1422.18 19585
1422.33 18173.9
1422.48 18386.6
1422.63 18450.4
1422.78 18851.6
1422.93 19945.6
1423.08 19840.4
1423.23 18439.9
1423.38 19187.7
1423.53 19645.1
1423.68 20300.4
1423.83 19791
1423.98 19921.7
1424.13 19995
1424.28 20955
1424.43 19625.7
1424.58 21941.9
1424.73 21870.6
1424.88 20436.1
1425.03 20630.1
1425.18 22253.6
1425.33 21432.6
1425.48 23011.4
1425.63 23023.3
1425.78 22829.3
1425.93 24617.3
1426.08 23997.7
1426.23 25186.1
1426.38 24952.1
1426.53 27215.1
1426.68 27110
1426.83 28121.3
1426.98 26971
1427.13 28901.7
1427.28 29313.4
1427.43 29556.3
1427.58 31193.4
1427.73 31180.9
1427.88 31353
1428.03 30358
1428.18 27193.9
1428.33 24044.7
1428.48 21141.4
1428.63 19657.7
1428.78 19225.3
1428.93 17003.6
1429.08 17108.7
1429.23 17443.6
1429.38 17457.9
1429.53 16094.9
1429.68 16250.1
1429.83 15609.9
1429.98 14298.7
1430.13 15255.7
1430.28 16195.6
1430.43 14317.6
1430.58 14636.7
1430.73 14825.7
1430.88 13796.2
1431.03 13975.8
1431.18 15367
1431.33 14182.4
1431.48 13457.7
1431.63 12351.2
1431.78 13765.6
1431.93 13418.2
1432.08 13887
1432.23 13032.7
1432.38 11767.9
1432.53 11834.9
1432.68 11946.9
1432.83 10986.9
1432.98 11723.5
1433.13 12035.8
1433.28 12264.8
1433.43 12566.5
1433.58 11681.6
1433.73 12242.3
1433.88 12843.7
1434.03 13607.9
1434.18 12551.5
1434.33 15884.6
1434.48 17031.7
1434.63 17741.4
1434.78 16064.1
1434.93 17544.9
1435.08 18193.3
1435.23 18046.9
1435.38 17858.4
1435.53 17772.7
1435.68 16962.9
1435.83 17429.7
1435.98 18312.9
1436.13 19207.1
1436.28 20060.7
1436.43 20945.6
1436.58 22700.4
1436.73 22815.6
1436.88 23853.1
1437.03 21543.9
1437.18 18806.6
1437.33 17091.1
1437.48 15492.1
1437.63 13984
1437.78 11697.9
1437.93 10380.5
1438.08 9700.86
1438.23 10183.4
1438.38 10606.4
1438.53 10676.5
1438.68 8638.21
1438.83 10355.5
1438.98 10384.9
1439.13 11100.2
1439.28 10045.7
1439.43 9781.59
1439.58 11454.4
1439.73 10421.8
1439.88 10359.8
1440.03 10278.5
1440.18 8916.07
1440.33 9944.93
1440.48 10670.3
1440.63 10329.8
1440.78 9362.91
1440.93 9396.09
1441.08 9681.46
1441.23 9515.61
1441.38 9752.8
1441.53 8661.37
1441.68 8921.09
1441.83 9787.84
1441.98 9108.2
1442.13 8884.79
1442.28 8718.94
1442.43 9103.2
1442.58 9842.29
1442.73 9577.57
1442.88 8849.11
1443.03 10991.9
1443.18 8909.81
1443.33 9384.19
1443.48 9742.79
1443.63 9668.94
1443.78 10515.7
1443.93 10159.6
1444.08 9528.76
1444.23 9289.69
1444.38 10202.1
1444.53 9838.54
1444.68 8987.41
1444.83 10021.9
1444.98 11993.2
1445.13 10175.9
1445.28 10796.7
1445.43 9678.33
1445.58 9337.89
1445.73 9503.71
1445.88 9896.74
1446.03 9078.79
1446.18 8864.13
1446.33 9490.59
1446.48 9621.37