886.477 115442
886.627 116975
886.777 117160
886.927 117277
887.077 118451
887.227 119859
887.377 116057
887.527 117176
887.677 119558
887.827 116578
887.977 109953
888.127 118569
888.277 115624
888.427 116515
888.577 118802
888.727 115372
888.877 113580
889.027 114602
889.177 115868
889.327 116846
889.477 116199
889.627 112870
889.777 116629
889.927 113327
890.077 115419
890.227 118884
890.377 118322
890.527 117043
890.677 117642
890.827 115879
890.977 117925
891.127 113426
891.277 118232
891.427 117813
891.577 116632
891.727 113447
891.877 112291
892.027 119473
892.177 115157
892.327 115520
892.477 110418
892.627 114543
892.777 117746
892.927 117462
893.077 117363
893.227 117534
893.377 115452
893.527 116408
893.677 119191
893.827 113261
893.977 118659
894.127 116213
894.277 115947
894.427 119001
894.577 118344
894.727 120325
894.877 116720
895.027 115286
895.177 118559
895.327 119758
895.477 117166
895.627 114731
895.777 118887
895.927 118140
896.077 117795
896.227 115674
896.377 115805
896.527 118317
896.677 117159
896.827 119105
896.977 115978
897.127 115556
897.277 114919
897.427 119176
897.577 114990
897.727 112555
897.877 115295
898.027 119745
898.177 117978
898.327 115653
898.477 117080
898.627 115106
898.777 118159
898.927 118578
899.077 116566
899.227 118764
899.377 121168
899.527 118479
899.677 117480
899.827 118124
899.977 117930
900.127 118650
900.277 116946
900.427 117072
900.577 117521
900.727 114420
900.877 119956
901.027 116663
901.177 118812
901.327 115447
901.477 119078
901.627 118196
901.777 117847
901.927 114714
902.077 115003
902.227 115003
902.377 117915
902.527 116511
902.677 120306
902.827 116473
902.977 119641
903.127 117234
903.277 121323
903.427 121247
903.577 117625
903.727 115420
903.877 118154
904.027 118151
904.177 115745
904.327 119326
904.477 122258
904.627 116765
904.777 122749
904.927 121621
905.077 116062
905.227 115886
905.377 120431
905.527 119688
905.677 118309
905.827 120305
905.977 120248
906.127 119058
906.277 121390
906.427 118021
906.577 116854
906.727 118423
906.877 119461
907.027 118068
907.177 120151
907.327 120625
907.477 116013
907.627 115799
907.777 116830
907.927 118473
908.077 117157
908.227 115027
908.377 121021
908.527 119254
908.677 119288
908.827 118216
908.977 121169
909.127 118949
909.277 117356
909.427 117085
909.577 122612
909.727 116247
909.877 119030
910.027 120028
910.177 117044
910.327 121169
910.477 121284
910.627 118994
910.777 119400
910.927 115466
911.077 118434
911.227 115893
911.377 121723
911.527 120951
911.677 120193
911.827 118971
911.977 120926
912.127 121610
912.277 119015
912.427 118335
912.577 118668
912.727 120589
912.877 122096
913.027 121694
913.177 117829
913.327 119497
913.477 121643
913.627 121937
913.777 120616
913.927 122298
914.077 119893
914.227 117673
914.377 122632
914.527 120583
914.677 121362
914.827 118835
914.977 123197
915.127 118810
915.277 115233
915.427 119919
915.577 121454
915.727 121425
915.877 119494
916.027 119815
916.177 117715
916.327 117954
916.477 116806
916.627 114871
916.777 122731
916.927 116688
917.077 120173
917.227 117919
917.377 117334
917.527 121423
917.677 121095
917.827 122548
917.977 121782
918.127 124776
918.277 122518
918.427 119648
918.577 118274
918.727 118000
918.877 119533
919.027 115971
919.177 117247
919.327 117353
919.477 122892
919.627 124565
919.777 117307
919.927 118665
920.077 117366
920.227 115458
920.377 120024
920.527 112189
920.677 120058
920.827 114086
920.977 118001
921.127 122378
921.277 121004
921.427 119909
921.577 120920
921.727 122924
921.877 112583
922.027 118186
922.177 120670
922.327 121191
922.477 117007
922.627 121168
922.777 117216
922.927 121181
923.077 121324
923.227 120026
923.377 118406
923.527 123261
923.677 117438
923.827 116459
923.977 121129
924.127 120815
924.277 120654
924.427 120223
924.577 116381
924.727 117937
924.877 120918
925.027 124441
925.177 119857
925.327 117230
925.477 118026
925.627 120553
925.777 122277
925.927 119495
926.077 119044
926.227 118637
926.377 120012
926.527 116081
926.677 118585
926.827 123960
926.977 118631
927.127 115892
927.277 121955
927.427 116648
927.577 119070
927.727 120576
927.877 120641
928.027 121402
928.177 118434
928.327 119487
928.477 120273
928.627 120367
928.777 123373
928.927 122145
929.077 125188
929.227 122536
929.377 124086
929.527 121712
929.677 123997
929.827 125551
929.977 116630
930.127 122821
930.277 123947
930.427 120473
930.577 120998
930.727 121699
930.877 123823
931.027 123904
931.177 126923
931.327 125541
931.477 120213
931.627 117234
931.777 121690
931.927 123169
932.077 121548
932.227 121857
932.377 121495
932.527 122127
932.677 123733
932.827 123942
932.977 124046
933.127 122062
933.277 121622
933.427 119461
933.577 121523
933.727 126296
933.877 122548
934.027 121786
934.177 120973
934.327 121553
934.477 124206
934.627 124949
934.777 121321
934.927 124798
935.077 124397
935.227 121291
935.377 120205
935.527 123640
935.677 120819
935.827 119255
935.977 120999
936.127 122149
936.277 117108
936.427 124237
936.577 123520
936.727 121213
936.877 125349
937.027 123358
937.177 123974
937.327 122763
937.477 124163
937.627 120556
937.777 122960
937.927 120854
938.077 123165
938.227 121703
938.377 122675
938.527 121145
938.677 121676
938.827 123123
938.977 125594
939.127 121860
939.277 125594
939.427 123552
939.577 123293
939.727 123540
939.877 124943
940.027 123744
940.177 120398
940.327 122240
940.477 121527
940.627 121470
940.777 123601
940.927 120141
941.077 122196
941.227 122798
941.377 120875
941.527 120184
941.677 118098
941.827 118995
941.977 115024
942.127 118787
942.277 118818
942.427 116882
942.577 119686
942.727 112958
942.877 119799
943.027 120168
943.177 114488
943.327 111803
943.477 115889
943.627 111128
943.777 114503
943.927 114453
944.077 116616
944.227 115028
944.377 113788
944.527 115038
944.677 110971
944.827 113457
944.977 108617
945.127 108478
945.277 112510
945.427 109510
945.577 115258
945.727 109097
945.877 107766
946.027 108891
946.177 113233
946.327 112531
946.477 112419
946.627 112559
946.777 106444
946.927 109947
947.077 107530
947.227 108860
947.377 108714
947.527 110442
947.677 108690
947.827 108340
947.977 107371
948.127 108204
948.277 108002
948.427 105923
948.577 107620
948.727 108518
948.877 108256
949.027 109301
949.177 108136
949.327 108341
949.477 109459
949.627 108169
949.777 110045
949.927 110739
950.077 106610
950.227 107650
950.377 107907
950.527 109543
950.677 108327
950.827 109851
950.977 109774
951.127 109367
951.277 108916
951.427 113045
951.577 110791
951.727 115586
951.877 115903
952.027 120063
952.177 122747
952.327 128131
952.477 136014
952.627 139697
952.777 156322
952.927 169448
953.077 175118
953.227 182584
953.377 195398
953.527 210450
953.677 213255
953.827 207295
953.977 208043
954.127 201471
954.277 193513
954.427 188318
954.577 171596
954.727 164982
954.877 157802
955.027 153667
955.177 137895
955.327 135669
955.477 138370
955.627 137030
955.777 137563
955.927 147454
956.077 154034
956.227 161395
956.377 165943
956.527 171567
956.677 164681
956.827 154638
956.977 146001
957.127 136442
957.277 131373
957.427 123615
957.577 116524
957.727 112557
957.877 108916
958.027 110940
958.177 111248
958.327 110118
958.477 107747
958.627 105629
958.777 105722
958.927 105738
959.077 105873
959.227 104925
959.377 107596
959.527 103128
959.677 108971
959.827 107945
959.977 106721
960.127 108869
960.277 108514
960.427 104313
960.577 104244
960.727 109026
960.877 108403
961.027 106871
961.177 103907
961.327 107789
961.477 107486
961.627 106144
961.777 107248
961.927 106904
962.077 105788
962.227 104635
962.377 103801
962.527 106332
962.677 105344
962.827 106638
962.977 109340
963.127 106067
963.277 103902
963.427 108559
963.577 105342
963.727 107966
963.877 108087
964.027 104787
964.177 106551
964.327 104586
964.477 106537
964.627 104511
964.777 105930
964.927 105570
965.077 107971
965.227 103158
965.377 105953
965.527 107259
965.677 107692
965.827 102763
965.977 108389
966.127 107789
966.277 105887
966.427 108136
966.577 106833
966.727 108599
966.877 108648
967.027 104723
967.177 106829
967.327 107037
967.477 106727
967.627 110237
967.777 104100
967.927 106622
968.077 103821
968.227 105994
968.377 107411
968.527 104473
968.677 106301
968.827 103221
968.977 103321
969.127 105765
969.277 105569
969.427 112800
969.577 103653
969.727 104087
969.877 105616
970.027 108414
970.177 107709
970.327 108447
970.477 108769
970.627 108889
970.777 105918
970.927 105028
971.077 106747
971.227 107694
971.377 104778
971.527 108224
971.677 106422
971.827 105284
971.977 107445
972.127 106303
972.277 110346
972.427 107562
972.577 107479
972.727 106747
972.877 107172
973.027 104666
973.177 105866
973.327 105629
973.477 107303
973.627 108107
973.777 106692
973.927 106453
974.077 107705
974.227 105828
974.377 107109
974.527 106649
974.677 106342
974.827 106011
974.977 105226
975.127 105115
975.277 108464
975.427 107954
975.577 107887
975.727 106514
975.877 105357
976.027 105500
976.177 106049
976.327 104145
976.477 102204