606.477 192766
606.627 194635
606.777 192316
606.927 193135
607.077 191007
607.227 193947
607.377 192464
607.527 194258
607.677 194456
607.827 195102
607.977 191530
608.127 190855
608.277 191972
608.427 193911
608.577 194346
608.727 192730
608.877 195655
609.027 193175
609.177 193475
609.327 195155
609.477 192610
609.627 192678
609.777 193492
609.927 191282
610.077 192262
610.227 193153
610.377 192586
610.527 192659
610.677 191395
610.827 191505
610.977 193270
611.127 194808
611.277 192318
611.427 192796
611.577 192422
611.727 194924
611.877 190870
612.027 192831
612.177 193793
612.327 196229
612.477 192690
612.627 191084
612.777 191286
612.927 192958
613.077 191775
613.227 192045
613.377 192425
613.527 191961
613.677 191200
613.827 191835
613.977 193134
614.127 193227
614.277 191522
614.427 193413
614.577 192105
614.727 190834
614.877 195590
615.027 193676
615.177 192541
615.327 193157
615.477 194560
615.627 194684
615.777 194269
615.927 197213
616.077 194828
616.227 194236
616.377 194829
616.527 193047
616.677 195268
616.827 195205
616.977 194148
617.127 193350
617.277 193502
617.427 193652
617.577 193772
617.727 194425
617.877 193705
618.027 194621
618.177 194865
618.327 193768
618.477 191604
618.627 194895
618.777 196673
618.927 193682
619.077 194170
619.227 189900
619.377 192932
619.527 194588
619.677 195099
619.827 191099
619.977 194323
620.127 193703
620.277 194061
620.427 192570
620.577 193553
620.727 195035
620.877 194413
621.027 190689
621.177 192285
621.327 195260
621.477 193169
621.627 190133
621.777 192267
621.927 195722
622.077 192450
622.227 194270
622.377 190779
622.527 191834
622.677 195074
622.827 195627
622.977 193089
623.127 192743
623.277 195530
623.427 193858
623.577 189650
623.727 194844
623.877 194879
624.027 192983
624.177 191198
624.327 193825
624.477 193784
624.627 193527
624.777 192031
624.927 192717
625.077 195151
625.227 193841
625.377 192899
625.527 192845
625.677 189585
625.827 195175
625.977 194983
626.127 193219
626.277 191322
626.427 192250
626.577 194008
626.727 190930
626.877 194123
627.027 193707
627.177 193690
627.327 195998
627.477 194110
627.627 194284
627.777 194864
627.927 195899
628.077 194787
628.227 194155
628.377 194426
628.527 193217
628.677 193471
628.827 193206
628.977 192343
629.127 193452
629.277 191712
629.427 192823
629.577 193818
629.727 192961
629.877 191024
630.027 194815
630.177 192613
630.327 190040
630.477 195617
630.627 193733
630.777 194869
630.927 191139
631.077 192632
631.227 193419
631.377 192043
631.527 191983
631.677 191961
631.827 193923
631.977 194813
632.127 192598
632.277 192964
632.427 192685
632.577 191454
632.727 191253
632.877 193058
633.027 192836
633.177 191822
633.327 195546
633.477 192337
633.627 192970
633.777 190434
633.927 195853
634.077 191378
634.227 193877
634.377 194186
634.527 194736
634.677 192802
634.827 192351
634.977 191148
635.127 189977
635.277 191981
635.427 191542
635.577 192202
635.727 193877
635.877 192370
636.027 191127
636.177 191604
636.327 190828
636.477 193317
636.627 193786
636.777 192236
636.927 190837
637.077 191282
637.227 192832
637.377 190134
637.527 191019
637.677 193123
637.827 192668
637.977 191188
638.127 191960
638.277 191803
638.427 191126
638.577 190367
638.727 192250
638.877 188292
639.027 192409
639.177 192933
639.327 191395
639.477 191167
639.627 192051
639.777 187321
639.927 191946
640.077 187580
640.227 188625
640.377 192677
640.527 189976
640.677 192135
640.827 189504
640.977 191614
641.127 190030
641.277 189609
641.427 190540
641.577 192864
641.727 189543
641.877 189063
642.027 190562
642.177 190915
642.327 192155
642.477 189721
642.627 191430
642.777 192160
642.927 189523
643.077 190232
643.227 191641
643.377 188739
643.527 189324
643.677 191649
643.827 190517
643.977 189247
644.127 190188
644.277 192112
644.427 190808
644.577 191431
644.727 190380
644.877 192413
645.027 188938
645.177 191907
645.327 190768
645.477 189971
645.627 189999
645.777 191843
645.927 191685
646.077 190067
646.227 190056
646.377 192855
646.527 192004
646.677 190875
646.827 191117
646.977 193372
647.127 191908
647.277 191000
647.427 192188
647.577 192307
647.727 190005
647.877 190714
648.027 192377
648.177 193069
648.327 190692
648.477 191438
648.627 189358
648.777 190180
648.927 193884
649.077 189978
649.227 188402
649.377 190082
649.527 191914
649.677 193265
649.827 193051
649.977 192016
650.127 193214
650.277 189655
650.427 192073
650.577 191726
650.727 190344
650.877 190734
651.027 191380
651.177 193701
651.327 189466
651.477 192102
651.627 189802
651.777 191407
651.927 189217
652.077 188705
652.227 190741
652.377 191757
652.527 190222
652.677 192853
652.827 192800
652.977 193466
653.127 195526
653.277 192177
653.427 194728
653.577 196455
653.727 195590
653.877 194184
654.027 195682
654.177 195136
654.327 196844
654.477 191620
654.627 193504
654.777 194970
654.927 192312
655.077 193602
655.227 192267
655.377 192412
655.527 194212
655.677 190404
655.827 188640
655.977 190333
656.127 190495
656.277 189250
656.427 188169
656.577 189112
656.727 188165
656.877 188878
657.027 186233
657.177 187474
657.327 188823
657.477 186199
657.627 184473
657.777 184671
657.927 185923
658.077 186384
658.227 185137
658.377 184595
658.527 184774
658.677 183698
658.827 183431
658.977 183941
659.127 183284
659.277 179213
659.427 179169
659.577 181475
659.727 181303
659.877 181726
660.027 181254
660.177 179220
660.327 179771
660.477 180273
660.627 182510
660.777 180764
660.927 181730
661.077 182186
661.227 180611
661.377 179420
661.527 176862
661.677 179852
661.827 180008
661.977 180785
662.127 180200
662.277 180462
662.427 180618
662.577 181273
662.727 177736
662.877 178293
663.027 181982
663.177 179083
663.327 179409
663.477 179704
663.627 180808
663.777 179035
663.927 178114
664.077 178597
664.227 179339
664.377 178033
664.527 179060
664.677 180830
664.827 179146
664.977 180904
665.127 180876
665.277 179737
665.427 180051
665.577 179070
665.727 181508
665.877 179339
666.027 177808
666.177 178347
666.327 177920
666.477 177537
666.627 179940
666.777 177350
666.927 178684
667.077 177044
667.227 180819
667.377 178835
667.527 178453
667.677 178782
667.827 177931
667.977 177420
668.127 179589
668.277 178045
668.427 178173
668.577 179410
668.727 178139
668.877 181476
669.027 177107
669.177 176611
669.327 175666
669.477 176768
669.627 177899
669.777 178835
669.927 177510
670.077 178491
670.227 175284
670.377 175863
670.527 176554
670.677 178264
670.827 177167
670.977 177363
671.127 177010
671.277 177285
671.427 177203
671.577 176848
671.727 177557
671.877 175022
672.027 175722
672.177 178676
672.327 176587
672.477 175144
672.627 178207
672.777 176407
672.927 176355
673.077 173879
673.227 174043
673.377 176675
673.527 174300
673.677 175331
673.827 175870
673.977 173998
674.127 172479
674.277 174163
674.427 172681
674.577 173204
674.727 175122
674.877 174786
675.027 174477
675.177 172772
675.327 174494
675.477 174077
675.627 174924
675.777 172995
675.927 172007
676.077 173613
676.227 173252
676.377 174741
676.527 171756
676.677 173755
676.827 171625
676.977 173874
677.127 171318
677.277 172336
677.427 171537
677.577 170311
677.727 174238
677.877 174353
678.027 171318
678.177 171950
678.327 172476
678.477 171031
678.627 169667
678.777 169369
678.927 170766
679.077 171120
679.227 171018
679.377 170584
679.527 171086
679.677 170494
679.827 171736
679.977 171822
680.127 171478
680.277 172620
680.427 170719
680.577 170683
680.727 169510
680.877 171209
681.027 172103
681.177 170555
681.327 170216
681.477 170273
681.627 171161
681.777 171941
681.927 173099
682.077 169274
682.227 170457
682.377 169091
682.527 173382
682.677 171703
682.827 172057
682.977 169575
683.127 169010
683.277 172366
683.427 173061
683.577 173314
683.727 168537
683.877 172250
684.027 171318
684.177 167611
684.327 169049
684.477 169394
684.627 168359
684.777 170172
684.927 170663
685.077 170072
685.227 168981
685.377 169473
685.527 171917
685.677 169280
685.827 169359
685.977 169148
686.127 171999
686.277 168379
686.427 167214
686.577 168672
686.727 167401
686.877 167495
687.027 169880
687.177 169592
687.327 169178
687.477 167628
687.627 168254
687.777 168684
687.927 169347
688.077 166171
688.227 167026
688.377 170227
688.527 168409
688.677 169537
688.827 167355
688.977 167804
689.127 167039
689.277 166589
689.427 168203
689.577 168462
689.727 170896
689.877 166505
690.027 166825
690.177 165687
690.327 168594
690.477 168946
690.627 167642
690.777 168948
690.927 167144
691.077 167093
691.227 168847
691.377 168523
691.527 170150
691.677 168432
691.827 171836
691.977 169945
692.127 169970
692.277 174392
692.427 172360
692.577 173473
692.727 174397
692.877 174374
693.027 174325
693.177 175523
693.327 175954
693.477 177311
693.627 177858
693.777 174073
693.927 172576
694.077 168407
694.227 168864
694.377 161841
694.527 162255
694.677 160616
694.827 157868
694.977 158119
695.127 155211
695.277 154513
695.427 152725
695.577 155167
695.727 151873
695.877 151596
696.027 153108
696.177 152608
696.327 151295
696.477 151932
696.627 152564
696.777 150047
696.927 150877
697.077 150442
697.227 152822
697.377 153247
697.527 150473
697.677 151280
697.827 151542
697.977 150987
698.127 152413
698.277 153424
698.427 153769
698.577 152050
698.727 149815
698.877 149826
699.027 153340
699.177 151170
699.327 148840
699.477 150534
699.627 149438
699.777 150960
699.927 151502
700.077 148090
700.227 150015
700.377 148680
700.527 149872
700.677 150896
700.827 150223
700.977 149524
701.127 150718
701.277 150451
701.427 152061
701.577 152588
701.727 152533
701.877 150727
702.027 151793
702.177 151803
702.327 151138
702.477 150874
702.627 152003
702.777 152727
702.927 153179
703.077 154078
703.227 151946
703.377 152486
703.527 154107
703.677 157126
703.827 158523
703.977 155951
704.127 156550
704.277 156591
704.427 156644
704.577 156045
704.727 160030
704.877 160482
705.027 159258
705.177 156961
705.327 157297
705.477 159557
705.627 159080
705.777 160436
705.927 160087
706.077 159306
706.227 158464
706.377 158701
706.527 159577
706.677 160330
706.827 162607
706.977 164034
707.127 164566
707.277 165498
707.427 169740
707.577 171960
707.727 173431
707.877 180333
708.027 190063
708.177 197599
708.327 207293
708.477 216826
708.627 214125
708.777 200281
708.927 180831
709.077 163354
709.227 155086
709.377 148025
709.527 145073
709.677 140156
709.827 139375
709.977 139944
710.127 141452
710.277 138885
710.427 138990
710.577 137107
710.727 140242
710.877 138920
711.027 136896
711.177 136371
711.327 136214
711.477 137916
711.627 132634
711.777 138371
711.927 135460
712.077 136848
712.227 135537
712.377 137593
712.527 135901
712.677 134704
712.827 135200
712.977 133219
713.127 133835
713.277 133694
713.427 133249
713.577 133009
713.727 134813
713.877 133100
714.027 131803
714.177 132470
714.327 134042
714.477 134237
714.627 134701
714.777 133940
714.927 133559
715.077 134283
715.227 136167
715.377 132500
715.527 134827
715.677 132623
715.827 133367
715.977 133359
716.127 134313
716.277 132240
716.427 131757
716.577 132785
716.727 133860
716.877 133311
717.027 133933
717.177 131476
717.327 131076
717.477 130787
717.627 130147
717.777 131228
717.927 130287
718.077 130257
718.227 131894
718.377 131839
718.527 128624
718.677 128943
718.827 132271
718.977 131882
719.127 129644
719.277 126834
719.427 129214
719.577 127484
719.727 124530
719.877 123857
720.027 125811
720.177 127018
720.327 123732
720.477 124947
720.627 125777
720.777 123529
720.927 122610
721.077 124326
721.227 124010
721.377 123390
721.527 125327
721.677 123995
721.827 124714
721.977 125487
722.127 124767
722.277 125465
722.427 124448
722.577 125019
722.727 123839
722.877 124320
723.027 124227
723.177 125461
723.327 124420
723.477 124723
723.627 125191
723.777 123421
723.927 122472
724.077 122698
724.227 123263
724.377 123383
724.527 125541
724.677 121975
724.827 123794
724.977 124686
725.127 127199
725.277 126987
725.427 124202
725.577 124466
725.727 123396
725.877 123337
726.027 124168
726.177 123891
726.327 125200
726.477 123169
726.627 123700
726.777 124227
726.927 124296
727.077 125140
727.227 122575
727.377 123183
727.527 123238
727.677 121275
727.827 122506
727.977 123786
728.127 123815
728.277 122490
728.427 123660
728.577 122780
728.727 123573
728.877 123040
729.027 124623
729.177 123540
729.327 123730
729.477 123262
729.627 124219
729.777 124442
729.927 122225
730.077 123847
730.227 122691
730.377 122497
730.527 121122
730.677 123116
730.827 124842
730.977 121805
731.127 121654
731.277 122148
731.427 124092
731.577 122520
731.727 121106
731.877 122306
732.027 121261
732.177 121811
732.327 121979
732.477 123325
732.627 123432
732.777 119886
732.927 122082
733.077 121824
733.227 120839
733.377 122228
733.527 119059
733.677 121769
733.827 122218
733.977 124112
734.127 124269
734.277 121741
734.427 121847
734.577 123621
734.727 120467
734.877 122414
735.027 124324
735.177 124267
735.327 122090
735.477 119958
735.627 120268
735.777 122023
735.927 122147
736.077 122320
736.227 120951
736.377 123575
736.527 122105
736.677 123099
736.827 123418
736.977 119629
737.127 121150
737.277 123033
737.427 123457
737.577 121324
737.727 122727
737.877 123187
738.027 123351
738.177 120532
738.327 121820
738.477 122348
738.627 122735
738.777 122227
738.927 123407
739.077 122570
739.227 120930
739.377 123152
739.527 119916
739.677 123486
739.827 122330
739.977 121865
740.127 122077
740.277 122268
740.427 124119
740.577 123107
740.727 121698
740.877 124040
741.027 122259
741.177 121049
741.327 122636
741.477 124047
741.627 121674
741.777 122588
741.927 123236
742.077 123766
742.227 124557
742.377 122561
742.527 123610
742.677 124251
742.827 120586
742.977 120535
743.127 125118
743.277 122627
743.427 122448
743.577 123288
743.727 122075
743.877 122969
744.027 122478
744.177 122032
744.327 123252
744.477 121330
744.627 122247
744.777 124129
744.927 122097
745.077 123760
745.227 122079
745.377 122504
745.527 121202
745.677 120530
745.827 124766
745.977 121923
746.127 123093
746.277 123905
746.427 123646