886.515 63049.9
886.665 62682.9
886.815 64352.8
886.965 62473.1
887.115 64637.9
887.265 63274.3
887.415 62585.5
887.565 60385.7
887.715 64064.8
887.865 63630.4
888.015 63394.7
888.165 63034.1
888.315 63352.5
888.465 64589.3
888.615 63239.4
888.765 60529.4
888.915 63629.2
889.065 65196.5
889.215 62992.7
889.365 63131.5
889.515 62297
889.665 63176.1
889.815 62969.2
889.965 64668.3
890.115 64245.3
890.265 66709.9
890.415 60292.9
890.565 63999.9
890.715 62536.9
890.865 61959.6
891.015 63264.9
891.165 63840.5
891.315 60970.7
891.465 65221.7
891.615 63031.3
891.765 64533.3
891.915 63128.6
892.065 63571.2
892.215 65325.1
892.365 63938.2
892.515 60670.6
892.665 62181.9
892.815 63550.1
892.965 61956.4
893.115 63386.6
893.265 62068.3
893.415 63943.1
893.565 63891.2
893.715 63694.4
893.865 63683.5
894.015 63936.2
894.165 63135.5
894.315 62549
894.465 63007.3
894.615 64544.7
894.765 64378
894.915 62667
895.065 62247.6
895.215 62523.8
895.365 63409.7
895.515 64455.8
895.665 63610.9
895.815 63899.7
895.965 63531.4
896.115 64653.3
896.265 62586.7
896.415 62665.8
896.565 64521.6
896.715 65300.7
896.865 63027.2
897.015 62252.5
897.165 62485.3
897.315 63842.1
897.465 64141
897.615 64905.3
897.765 63471.8
897.915 63072.7
898.065 62499.9
898.215 64458.2
898.365 64470.8
898.515 62976.5
898.665 63675.8
898.815 62270.3
898.965 62306.4
899.115 64927.1
899.265 65102.4
899.415 64167
899.565 62225.3
899.715 62851.9
899.865 65156.3
900.015 62663.7
900.165 64064.8
900.315 63804
900.465 64066
900.615 64461.1
900.765 62996
900.915 63799.9
901.065 64460.6
901.215 63831.2
901.365 65074
901.515 63613.3
901.665 63936.2
901.815 65009.1
901.965 62450.8
902.115 63761.4
902.265 61854.5
902.415 65201.4
902.565 63664.8
902.715 62887.2
902.865 63079.2
903.015 64311.9
903.165 62905.6
903.315 65991.9
903.465 65149.1
903.615 63982
903.765 64832.7
903.915 64170.6
904.065 65211.9
904.215 64949.8
904.365 63696.9
904.515 62343.7
904.665 63286.9
904.815 63814.2
904.965 64291.2
905.115 63094.1
905.265 64010.8
905.415 64064
905.565 63333.9
905.715 64584
905.865 62761.5
906.015 66318.8
906.165 66872.6
906.315 63189.4
906.465 62529.4
906.615 63580.9
906.765 62867.4
906.915 65065.5
907.065 62732.3
907.215 64313
907.365 63870.1
907.515 63822.2
907.665 63903.8
907.815 63762.2
907.965 64270.8
908.115 64238.1
908.265 65269.5
908.415 65028.1
908.565 65705.2
908.715 64572.2
908.865 66077.1
909.015 62200.2
909.165 63239.4
909.315 66506.7
909.465 67464.7
909.615 65185.6
909.765 63802.3
909.915 64352.8
910.065 64788.4
910.215 65411
910.365 64571.9
910.515 62920.1
910.665 63930.1
910.815 65919.4
910.965 66859.5
911.115 65175
911.265 66701.4
911.415 63736.3
911.565 65452.9
911.715 65907.1
911.865 64334.5
912.015 65351.9
912.165 65778.6
912.315 66097.4
912.465 65977.8
912.615 65344.5
912.765 63713.9
912.915 66204.4
913.065 65302.4
913.215 63122.6
913.365 63184.5
913.515 64245.3
913.665 64560.5
913.815 63455.6
913.965 64098.4
914.115 65138.1
914.265 65377.9
914.415 62471.5
914.565 65032.6
914.715 65849.5
914.865 66155.4
915.015 63685.6
915.165 64725.9
915.315 65702.7
915.465 64878.9
915.615 64077
915.765 63731.4
915.915 64799
916.065 63268.1
916.215 64850.9
916.365 64568.1
916.515 64028.7
916.665 65857.6
916.815 63467.7
916.965 63833.6
917.115 63480.3
917.265 63947.1
917.415 64006.3
917.565 65620.7
917.715 63715.9
917.865 65048.1
918.015 64382.8
918.165 64457.9
918.315 62546.2
918.465 63748.8
918.615 62588.3
918.765 65214.7
918.915 64923.9
919.065 62889.3
919.215 62952.6
919.365 63714
919.515 62147.4
919.665 63875
919.815 66458.8
919.965 65785.1
920.115 64026.7
920.265 66729.4
920.415 65286.6
920.565 65021.7
920.715 63354.9
920.865 64602.7
921.015 64892.3
921.165 66030.1
921.315 63764.6
921.465 65230.9
921.615 63911.9
921.765 63720
921.915 64173.5
922.065 64496
922.215 62926.2
922.365 62259.4
922.515 64654.2
922.665 63485.6
922.815 63745.6
922.965 66168.8
923.115 63338
923.265 63565.5
923.415 63754.5
923.565 64264.8
923.715 65948.5
923.865 63873
924.015 64487.4
924.165 64177.6
924.315 65446.4
924.465 63442.1
924.615 65189.6
924.765 62063.4
924.915 63748.4
925.065 65408.6
925.215 64338.6
925.365 64107.4
925.515 65522.6
925.665 65832.5
925.815 66279.1
925.965 62107.7
926.115 65493.1
926.265 67297.2
926.415 66591.5
926.565 64868.8
926.715 65515.7
926.865 66294.9
927.015 64420.1
927.165 64746.7
927.315 62570.9
927.465 67139.1
927.615 66236.1
927.765 63916.4
927.915 64487.5
928.065 64545.5
928.215 65356.3
928.365 66154.5
928.515 66422.7
928.665 67208.8
928.815 65297.1
928.965 64169.1
929.115 66479.4
929.265 67306.6
929.415 64903.7
929.565 65286.6
929.715 64544.7
929.865 65971.2
930.015 65068.3
930.165 65321
930.315 67440.8
930.465 67616.5
930.615 68004.6
930.765 67065.6
930.915 62612.7
931.065 66861.2
931.215 67318
931.365 65435.8
931.515 66316
931.665 67342.2
931.815 67457.4
931.965 67773.1
932.115 65737.6
932.265 65359.5
932.415 66137.6
932.565 66179.7
932.715 66854.3
932.865 64866.8
933.015 67437.6
933.165 65985
933.315 65587.5
933.465 65166.9
933.615 65282.5
933.765 65218.4
933.915 68401.8
934.065 67203.5
934.215 67186.5
934.365 66859.2
934.515 66391.9
934.665 64606.3
934.815 65692.1
934.965 65769.3
935.115 66087.2
935.265 64519.2
935.415 66089.3
935.565 64689.4
935.715 66108.7
935.865 64811.6
936.015 66908.6
936.165 66623.5
936.315 66909.1
936.465 66392.3
936.615 65434.3
936.765 63407.3
936.915 63617.8
937.065 64997.3
937.215 63767.1
937.365 67064.4
937.515 66818.6
937.665 65975.6
937.815 66439.4
937.965 65523.1
938.115 65864.5
938.265 65388
938.415 66248.7
938.565 64554.8
938.715 65059.8
938.865 62840.6
939.015 65660.9
939.165 66388.6
939.315 64395.8
939.465 65930.3
939.615 63163.1
939.765 64135.4
939.915 63567.5
940.065 62855.2
940.215 62993.1
940.365 64616
940.515 64750.3
940.665 63394.7
940.815 63964.6
940.965 64092.8
941.115 63238.5
941.265 62383.1
941.415 62673.1
941.565 61582.4
941.715 63711.5
941.865 62218.4
942.015 62442.7
942.165 61764.1
942.315 61832.7
942.465 62870.6
942.615 61710.9
942.765 61242
942.915 61309.8
943.065 60458.3
943.215 61861.9
943.365 60308.3
943.515 61027.9
943.665 60694.1
943.815 63142.4
943.965 59588.7
944.115 61806.7
944.265 61474.5
944.415 61089.5
944.565 60114.4
944.715 61549.5
944.865 59872.3
945.015 60487.2
945.165 60058.1
945.315 59034.3
945.465 58309.4
945.615 58275.4
945.765 58816.4
945.915 59898.6
946.065 59343.3
946.215 58094.8
946.365 59266.7
946.515 58608
946.665 58788.9
946.815 58453.4
946.965 58156.9
947.115 56457.3
947.265 57341.6
947.415 58211.7
947.565 58205.2
947.715 57514.4
947.865 58100.9
948.015 57526.6
948.165 57007.3
948.315 57409.4
948.465 59107.7
948.615 58470.5
948.765 57809.3
948.915 57813
949.065 58400.3
949.215 58081.4
949.365 56251.2
949.515 60002.9
949.665 59308.1
949.815 58751.6
949.965 56698.2
950.115 56947.7
950.265 58318.3
950.415 57776.8
950.565 57603.2
950.715 58712.6
950.865 56509.6
951.015 56933.9
951.165 59445.9
951.315 57339.2
951.465 58049.8
951.615 60361.5
951.765 57361
951.915 60059.3
952.065 62672.3
952.215 63452.3
952.365 67766.6
952.515 68387.1
952.665 72313.1
952.815 82146.8
952.965 87995.5
953.115 94180.6
953.265 103493
953.415 112485
953.565 120168
953.715 123949
953.865 126862
954.015 126617
954.165 123198
954.315 122520
954.465 116781
954.615 108135
954.765 103132
954.915 91026.7
955.065 87230.5
955.215 79445.3
955.365 74209.5
955.515 71368.1
955.665 71108.5
955.815 69929.7
955.965 73357.7
956.115 75242.2
956.265 78661.6
956.415 80955.5
956.565 82199.9
956.715 83261
956.865 80261
957.015 75262.5
957.165 70694.8
957.315 66693.2
957.465 61804.6
957.615 60423.1
957.765 57693.6
957.915 56684.9
958.065 58156.9
958.215 56690.9
958.365 56642.3
958.515 57929.4
958.665 54071
958.815 57467.7
958.965 56595.2
959.115 56896.2
959.265 57223.1
959.415 56422.9
959.565 55895.2
959.715 56825.2
959.865 54743.1
960.015 56682
960.165 56255.3
960.315 56713.2
960.465 55757.7
960.615 56519.4
960.765 55275.3
960.915 56197.3
961.065 57499
961.215 55258.2
961.365 55407.1
961.515 55331.7
961.665 57463.2
961.815 55917.8
961.965 57020.4
962.115 56748.6
962.265 56858.9
962.415 57173.2
962.565 55128.1
962.715 56948.9
962.865 56904.3
963.015 58399.4
963.165 58816.9
963.315 56134.4
963.465 55319.5
963.615 57014.6
963.765 55797.8
963.915 56985.8
964.065 57484.7
964.215 54686.4
964.365 54676.6
964.515 54518
964.665 55101.3
964.815 55573.9
964.965 55164.2
965.115 56235
965.265 54347.2
965.415 55948.2
965.565 55087.5
965.715 55543.4
965.865 56179.4
966.015 55679.7
966.165 54950
966.315 56652
966.465 56358
966.615 55118
966.765 57205.3
966.915 56181.9
967.065 57302.6
967.215 56183.9
967.365 56240.7
967.515 55502.4
967.665 55382.8
967.815 57686.8
967.965 56145.7
968.115 55828.6
968.265 58178.8
968.415 55771.4
968.565 57661.7
968.715 56557.5
968.865 57150.1
969.015 55048.5
969.165 56804.9
969.315 57688.4
969.465 55345.9
969.615 55865.9
969.765 55934.8
969.915 56297.9
970.065 56292.7
970.215 56691.4
970.365 57387.8
970.515 57750.5
970.665 55418.1
970.815 56690.9
970.965 58035.6
971.115 55280.6
971.265 55391.3
971.415 55135.4
971.565 56391.2
971.715 57057.6
971.865 56291.9
972.015 56588
972.165 55693.9
972.315 56141.8
972.465 55960.4
972.615 56277.6
972.765 56408.6
972.915 55511
973.065 54234.5
973.215 56337.7
973.365 54744.4
973.515 55756.4
973.665 56024.4
973.815 56593.6
973.965 56350.2
974.115 57249.9
974.265 58742.2
974.415 56438.2
974.565 55515.5
974.715 56991.9
974.865 56837.4
975.015 57331.4
975.165 59330
975.315 56526.7
975.465 57205.3
975.615 57507.1
975.765 56412.3
975.915 57818.6
976.065 58632.7
976.215 56609.1
976.365 55879.4
976.515 57685.1