156.477 135126
156.627 140239
156.777 134974
156.927 143974
157.077 139007
157.227 140596
157.377 137345
157.527 139766
157.677 138681
157.827 140111
157.977 137195
158.127 138040
158.277 137760
158.427 139760
158.577 137770
158.727 137605
158.877 136294
159.027 139735
159.177 143605
159.327 144025
159.477 141346
159.627 141233
159.777 137278
159.927 141385
160.077 142702
160.227 142591
160.377 140220
160.527 143663
160.677 143269
160.827 137093
160.977 139457
161.127 142092
161.277 141066
161.427 138987
161.577 141680
161.727 138659
161.877 137754
162.027 139358
162.177 139583
162.327 136823
162.477 143529
162.627 141755
162.777 141839
162.927 140634
163.077 135482
163.227 135481
163.377 138086
163.527 140386
163.677 141932
163.827 136955
163.977 137065
164.127 137365
164.277 141550
164.427 140867
164.577 137905
164.727 135730
164.877 138798
165.027 140878
165.177 133686
165.327 132304
165.477 134276
165.627 138635
165.777 135038
165.927 136034
166.077 136495
166.227 136268
166.377 134442
166.527 135629
166.677 136507
166.827 135694
166.977 134215
167.127 137956
167.277 135694
167.427 137528
167.577 134387
167.727 138196
167.877 137455
168.027 133259
168.177 134741
168.327 138865
168.477 129551
168.627 131888
168.777 132030
168.927 136334
169.077 135369
169.227 131377
169.377 132988
169.527 133915
169.677 127130
169.827 130227
169.977 130562
170.127 133959
170.277 134718
170.427 129183
170.577 130562
170.727 129574
170.877 128479
171.027 129379
171.177 128717
171.327 132938
171.477 134339
171.627 127634
171.777 127913
171.927 125939
172.077 127465
172.227 131715
172.377 133986
172.527 129601
172.677 129249
172.827 126976
172.977 128345
173.127 130031
173.277 127276
173.427 124943
173.577 123070
173.727 124509
173.877 123950
174.027 126479
174.177 125572
174.327 121675
174.477 126453
174.627 123640
174.777 124905
174.927 120088
175.077 121874
175.227 124738
175.377 123387
175.527 122613
175.677 125804
175.827 126777
175.977 122177
176.127 126253
176.277 119697
176.427 127869
176.577 125924
176.727 122408
176.877 120256
177.027 119388
177.177 119432
177.327 117095
177.477 123597
177.627 121106
177.777 123173
177.927 121023
178.077 119932
178.227 122636
178.377 122541
178.527 122483
178.677 120449
178.827 121419
178.977 124623
179.127 129684
179.277 130520
179.427 132155
179.577 138273
179.727 140927
179.877 150765
180.027 150998
180.177 164262
180.327 178528
180.477 192580
180.627 207181
180.777 223746
180.927 234545
181.077 252114
181.227 252164
181.377 240543
181.527 239433
181.677 223849
181.827 219822
181.977 204788
182.127 199702
182.277 188744
182.427 184943
182.577 181606
182.727 184154
182.877 179911
183.027 178749
183.177 170997
183.327 163942
183.477 159914
183.627 146697
183.777 146394
183.927 138351
184.077 131460
184.227 124494
184.377 123278
184.527 120586
184.677 125829
184.827 120545
184.977 122911
185.127 125418
185.277 119055
185.427 121418
185.577 120010
185.727 119780
185.877 119665
186.027 118193
186.177 120109
186.327 116150
186.477 120511
186.627 122767
186.777 120348
186.927 119680
187.077 121241
187.227 121008
187.377 123977
187.527 124019
187.677 120558
187.827 116552
187.977 120835
188.127 121232
188.277 116021
188.427 114086
188.577 117263
188.727 116458
188.877 123157
189.027 121060
189.177 120998
189.327 121966
189.477 119270
189.627 116444
189.777 119595
189.927 115588
190.077 118642
190.227 117133
190.377 120395
190.527 118500
190.677 121550
190.827 117859
190.977 117869
191.127 120206
191.277 118808
191.427 118419
191.577 117179
191.727 117946
191.877 121149
192.027 116226
192.177 122705
192.327 119160
192.477 116105
192.627 122254
192.777 120602
192.927 120148
193.077 117006
193.227 119913
193.377 120366
193.527 119188
193.677 117468
193.827 118659
193.977 121870
194.127 118807
194.277 115670
194.427 115629
194.577 117951
194.727 120715
194.877 118335
195.027 119145
195.177 117314
195.327 118203
195.477 114601
195.627 119280
195.777 118199
195.927 119176
196.077 122671
196.227 118562
196.377 119401
196.527 123545
196.677 120628
196.827 117445
196.977 120809
197.127 120593
197.277 121403
197.427 119397
197.577 123715
197.727 118610
197.877 121792
198.027 120105
198.177 119984
198.327 119949
198.477 118260
198.627 120149
198.777 116979
198.927 114579
199.077 123482
199.227 124043
199.377 120723
199.527 117692
199.677 119154
199.827 117321
199.977 122435
200.127 122401
200.277 119410
200.427 117469
200.577 115858
200.727 116596
200.877 123955
201.027 118075
201.177 121397
201.327 120013
201.477 121257
201.627 116860
201.777 122403
201.927 119680
202.077 120917
202.227 120386
202.377 112780
202.527 115300
202.677 120794
202.827 118866
202.977 123855
203.127 119237
203.277 123864
203.427 117124
203.577 120512
203.727 119972
203.877 123445
204.027 117343
204.177 116777
204.327 118467
204.477 121724
204.627 117683
204.777 122354
204.927 121428
205.077 118093
205.227 119201
205.377 115738
205.527 122406
205.677 120748
205.827 119776
205.977 121789
206.127 118717
206.277 124313
206.427 118572