1296.48 2673.6
1296.63 2673.6
1296.78 2673.6
1296.93 2138.9
1297.08 2138.9
1297.23 2138.9
1297.38 2138.9
1297.53 2673.6
1297.68 2673.6
1297.83 2673.6
1297.98 2673.6
1298.13 2138.9
1298.28 2673.6
1298.43 2138.9
1298.58 2673.6
1298.73 2138.9
1298.88 2138.9
1299.03 2673.6
1299.18 2673.6
1299.33 2138.9
1299.48 2138.9
1299.63 2673.6
1299.78 2673.6
1299.93 2673.6
1300.08 2673.6
1300.23 2673.6
1300.38 2673.6
1300.53 2673.6
1300.68 2138.9
1300.83 2673.6
1300.98 2673.6
1301.13 2673.6
1301.28 2673.6
1301.43 2673.6
1301.58 2673.6
1301.73 2673.6
1301.88 2673.6
1302.03 2673.6
1302.18 2673.6
1302.33 2673.6
1302.48 2673.6
1302.63 2673.6
1302.78 2673.6
1302.93 3208.4
1303.08 2673.6
1303.23 2673.6
1303.38 2673.6
1303.53 2673.6
1303.68 2673.6
1303.83 3208.4
1303.98 2673.6
1304.13 3208.4
1304.28 2673.6
1304.43 3208.4
1304.58 2673.6
1304.73 3208.4
1304.88 2673.6
1305.03 3208.4
1305.18 2673.6
1305.33 2673.6
1305.48 3208.4
1305.63 3208.4
1305.78 3208.4
1305.93 2673.6
1306.08 3208.4
1306.23 3208.4
1306.38 2673.6
1306.53 3208.4
1306.68 3208.4
1306.83 3208.4
1306.98 3208.4
1307.13 3208.4
1307.28 3208.4
1307.43 3208.4
1307.58 3208.4
1307.73 3208.4
1307.88 3208.4
1308.03 3208.4
1308.18 3208.4
1308.33 3208.4
1308.48 3208.4
1308.63 3208.4
1308.78 3208.4
1308.93 3208.4
1309.08 3208.4
1309.23 3743.1
1309.38 3208.4
1309.53 3208.4
1309.68 3743.1
1309.83 3208.4
1309.98 3208.4
1310.13 3743.1
1310.28 3208.4
1310.43 3743.1
1310.58 3743.1
1310.73 3743.1
1310.88 3743.1
1311.03 3743.1
1311.18 3208.4
1311.33 3208.4
1311.48 3743.1
1311.63 3743.1
1311.78 3743.1
1311.93 3208.4
1312.08 3208.4
1312.23 3743.1
1312.38 3743.1
1312.53 3743.1
1312.68 3743.1
1312.83 3743.1
1312.98 3743.1
1313.13 3743.1
1313.28 3743.1
1313.43 3743.1
1313.58 3743.1
1313.73 3743.1
1313.88 3743.1
1314.03 3743.1
1314.18 3743.1
1314.33 3743.1
1314.48 3743.1
1314.63 3743.1
1314.78 3743.1
1314.93 3743.1
1315.08 3743.1
1315.23 3743.1
1315.38 3743.1
1315.53 3743.1
1315.68 3743.1
1315.83 3743.1
1315.98 3743.1
1316.13 4277.8
1316.28 4277.8
1316.43 3743.1
1316.58 4277.8
1316.73 3743.1
1316.88 3743.1
1317.03 4277.8
1317.18 3743.1
1317.33 4277.8
1317.48 3743.1
1317.63 4277.8
1317.78 4277.8
1317.93 3743.1
1318.08 4277.8
1318.23 4277.8
1318.38 4277.8
1318.53 4277.8
1318.68 4277.8
1318.83 4277.8
1318.98 4277.8
1319.13 4277.8
1319.28 4277.8
1319.43 4812.5
1319.58 4277.8
1319.73 4812.5
1319.88 4277.8
1320.03 4277.8
1320.18 4812.5
1320.33 4812.5
1320.48 4277.8
1320.63 4812.5
1320.78 4812.5
1320.93 4277.8
1321.08 4812.5
1321.23 4812.5
1321.38 4812.5
1321.53 4277.8
1321.68 4277.8
1321.83 4812.5
1321.98 4812.5
1322.13 4812.5
1322.28 4812.5
1322.43 4812.5
1322.58 4812.5
1322.73 4812.5
1322.88 4812.5
1323.03 4812.5
1323.18 4812.5
1323.33 4812.5
1323.48 5347.3
1323.63 5347.3
1323.78 4812.5
1323.93 4812.5
1324.08 4812.5
1324.23 5347.3
1324.38 5347.3
1324.53 4812.5
1324.68 5347.3
1324.83 5347.3
1324.98 4812.5
1325.13 4812.5
1325.28 5347.3
1325.43 4812.5
1325.58 5347.3
1325.73 5347.3
1325.88 5347.3
1326.03 5882.0
1326.18 5882.0
1326.33 5347.3
1326.48 5347.3
1326.63 5347.3
1326.78 5347.3
1326.93 5882.0
1327.08 5882.0
1327.23 5347.3
1327.38 5882.0
1327.53 5347.3
1327.68 5882.0
1327.83 5347.3
1327.98 5882.0
1328.13 5347.3
1328.28 5882.0
1328.43 5882.0
1328.58 5882.0
1328.73 5882.0
1328.88 5882.0
1329.03 5882.0
1329.18 6416.7
1329.33 5882.0
1329.48 5882.0
1329.63 5882.0
1329.78 6416.7
1329.93 5882.0
1330.08 6416.7
1330.23 5882.0
1330.38 5882.0
1330.53 6416.7
1330.68 6416.7
1330.83 6416.7
1330.98 6416.7
1331.13 6416.7
1331.28 6416.7
1331.43 6951.4
1331.58 6416.7
1331.73 6416.7
1331.88 6951.4
1332.03 6416.7
1332.18 6951.4
1332.33 6416.7
1332.48 6416.7
1332.63 6951.4
1332.78 6951.4
1332.93 6416.7
1333.08 6951.4
1333.23 6951.4
1333.38 6951.4
1333.53 6951.4
1333.68 6951.4
1333.83 6951.4
1333.98 6951.4
1334.13 7486.2
1334.28 6951.4
1334.43 6951.4
1334.58 6951.4
1334.73 7486.2
1334.88 6951.4
1335.03 7486.2
1335.18 7486.2
1335.33 7486.2
1335.48 7486.2
1335.63 7486.2
1335.78 8020.9
1335.93 7486.2
1336.08 7486.2
1336.23 8020.9
1336.38 8020.9
1336.53 8020.9
1336.68 8020.9
1336.83 8020.9
1336.98 8020.9
1337.13 8020.9
1337.28 8020.9
1337.43 8020.9
1337.58 8020.9
1337.73 8020.9
1337.88 8555.6
1338.03 8555.6
1338.18 8555.6
1338.33 8555.6
1338.48 8555.6
1338.63 8555.6
1338.78 8555.6
1338.93 8555.6
1339.08 8555.6
1339.23 8555.6
1339.38 9090.3
1339.53 9090.3
1339.68 9090.3
1339.83 9090.3
1339.98 9090.3
1340.13 8555.6
1340.28 9090.3
1340.43 9090.3
1340.58 9090.3
1340.73 9090.3
1340.88 9090.3
1341.03 9090.3
1341.18 9625.1
1341.33 9090.3
1341.48 9625.1
1341.63 9625.1
1341.78 9625.1
1341.93 9625.1
1342.08 9625.1
1342.23 9625.1
1342.38 10159.8
1342.53 9625.1
1342.68 10159.8
1342.83 10159.8
1342.98 10159.8
1343.13 10159.8
1343.28 10159.8
1343.43 10694.5
1343.58 10694.5
1343.73 10694.5
1343.88 10694.5
1344.03 10694.5
1344.18 10694.5
1344.33 10694.5
1344.48 10694.5
1344.63 10694.5
1344.78 10694.5
1344.93 10694.5
1345.08 11229.2
1345.23 11229.2
1345.38 11229.2
1345.53 11229.2
1345.68 11764.0
1345.83 11229.2
1345.98 11764.0
1346.13 11764.0
1346.28 11764.0
1346.43 11764.0
1346.58 11764.0
1346.73 12298.7
1346.88 12298.7
1347.03 12298.7
1347.18 12298.7
1347.33 12298.7
1347.48 12298.7
1347.63 12298.7
1347.78 12298.7
1347.93 12298.7
1348.08 12833.4
1348.23 12833.4
1348.38 12833.4
1348.53 13368.2
1348.68 13368.2
1348.83 13368.2
1348.98 13368.2
1349.13 13368.2
1349.28 13368.2
1349.43 13902.9
1349.58 13902.9
1349.73 13368.2
1349.88 13902.9
1350.03 13902.9
1350.18 14437.6
1350.33 14437.6
1350.48 13902.9
1350.63 14437.6
1350.78 14972.3
1350.93 14437.6
1351.08 14972.3
1351.23 14972.3
1351.38 14972.3
1351.53 14972.3
1351.68 15507.1
1351.83 15507.1
1351.98 15507.1
1352.13 15507.1
1352.28 15507.1
1352.43 16041.8
1352.58 16041.8
1352.73 16041.8
1352.88 16041.8
1353.03 16576.5
1353.18 16576.5
1353.33 16576.5
1353.48 17111.2
1353.63 17111.2
1353.78 17111.2
1353.93 17111.2
1354.08 17111.2
1354.23 17646.0
1354.38 17646.0
1354.53 17646.0
1354.68 17646.0
1354.83 18180.7
1354.98 18180.7
1355.13 18715.4
1355.28 18180.7
1355.43 18715.4
1355.58 18715.4
1355.73 19250.1
1355.88 19250.1
1356.03 19250.1
1356.18 19250.1
1356.33 19250.1
1356.48 19784.9
1356.63 19784.9
1356.78 20319.6
1356.93 20319.6
1357.08 20319.6
1357.23 20854.3
1357.38 20319.6
1357.53 20854.3
1357.68 20854.3
1357.83 21389.0
1357.98 21389.0
1358.13 21923.8
1358.28 21923.8
1358.43 22458.5
1358.58 21923.8
1358.73 22458.5
1358.88 22993.2
1359.03 22993.2
1359.18 22993.2
1359.33 23528.0
1359.48 23528.0
1359.63 23528.0
1359.78 24062.7
1359.93 24062.7
1360.08 24597.4
1360.23 24597.4
1360.38 25132.1
1360.53 25132.1
1360.68 25666.9
1360.83 25666.9
1360.98 25666.9
1361.13 26201.6
1361.28 26201.6
1361.43 26736.3
1361.58 27271.0
1361.73 27271.0
1361.88 27271.0
1362.03 27805.8
1362.18 27805.8
1362.33 28340.5
1362.48 28340.5
1362.63 28875.2
1362.78 28875.2
1362.93 28875.2
1363.08 29409.9
1363.23 29944.7
1363.38 30479.4
1363.53 30479.4
1363.68 30479.4
1363.83 31014.1
1363.98 31014.1
1364.13 31548.8
1364.28 32083.6
1364.43 32618.3
1364.58 32618.3
1364.73 33153.0
1364.88 33153.0
1365.03 34222.5
1365.18 34222.5
1365.33 34222.5
1365.48 34757.2
1365.63 35291.9
1365.78 35826.7
1365.93 36361.4
1366.08 36361.4
1366.23 36896.1
1366.38 37430.8
1366.53 37965.6
1366.68 37965.6
1366.83 38500.3
1366.98 39035.0
1367.13 39569.7
1367.28 40104.5
1367.43 40104.5
1367.58 41173.9
1367.73 41173.9
1367.88 42243.4
1368.03 42243.4
1368.18 42778.1
1368.33 43312.8
1368.48 43847.5
1368.63 44382.3
1368.78 44917.0
1368.93 45451.7
1369.08 45986.5
1369.23 46521.2
1369.38 47055.9
1369.53 48125.4
1369.68 48125.4
1369.83 48660.1
1369.98 49194.8
1370.13 50264.3
1370.28 50799.0
1370.43 51333.7
1370.58 51868.4
1370.73 52403.2
1370.88 53472.6
1371.03 54007.3
1371.18 54542.1
1371.33 55611.5
1371.48 56146.2
1371.63 56681.0
1371.78 57750.4
1371.93 58285.2
1372.08 58819.9
1372.23 59889.3
1372.38 60424.1
1372.53 61493.5
1372.68 62563.0
1372.83 63097.7
1372.98 64167.1
1373.13 65236.6
1373.28 66306.0
1373.43 66840.8
1373.58 67910.2
1373.73 68979.7
1373.88 70049.1
1374.03 71118.6
1374.18 71653.3
1374.33 73257.5
1374.48 74326.9
1374.63 75396.4
1374.78 75931.1
1374.93 77535.3
1375.08 78604.7
1375.23 80208.9
1375.38 81278.4
1375.53 82347.8
1375.68 83417.3
1375.83 85021.5
1375.98 86625.6
1376.13 88229.8
1376.28 89299.3
1376.43 90368.7
1376.58 91972.9
1376.73 93577.1
1376.88 95181.3
1377.03 96785.4
1377.18 98389.6
1377.33 99993.8
1377.48 101063.2
1377.63 103202.2
1377.78 105341.1
1377.93 106945.2
1378.08 109084.1
1378.23 110153.6
1378.38 112292.5
1378.53 114431.4
1378.68 116570.3
1378.83 118709.2
1378.98 120848.1
1379.13 123521.7
1379.28 125125.9
1379.43 127264.8
1379.58 130473.2
1379.73 132612.1
1379.88 135285.7
1380.03 137959.4
1380.18 140098.3
1380.33 142771.9
1380.48 145980.2
1380.63 148653.9
1380.78 151862.2
1380.93 155070.6
1381.08 157744.2
1381.23 160952.6
1381.38 164160.9
1381.53 168438.7
1381.68 171647.1
1381.83 175390.2
1381.98 178598.5
1382.13 182341.6
1382.28 186619.4
1382.43 190897.2
1382.58 195175.1
1382.73 199452.9
1382.88 203730.7
1383.03 208008.5
1383.18 212821.0
1383.33 218168.3
1383.48 224050.3
1383.63 228862.8
1383.78 234210.1
1383.93 239557.3
1384.08 244904.6
1384.23 251856.0
1384.38 258272.7
1384.53 264689.5
1384.68 271106.2
1384.83 277522.9
1384.98 285009.1
1385.13 293030.0
1385.28 301050.8
1385.43 309606.5
1385.58 317627.4
1385.73 326183.0
1385.88 333669.1
1386.03 344363.7
1386.18 355058.2
1386.33 365218.0
1386.48 375377.8
1386.63 386072.3
1386.78 396766.8
1386.93 409600.3
1387.08 422968.4
1387.23 436336.6
1387.38 450239.5
1387.53 464142.3
1387.68 477510.5
1387.83 493017.5
1387.98 511198.2
1388.13 529378.9
1388.28 547559.6
1388.43 565740.3
1388.58 583921.0
1388.73 603171.1
1388.88 627768.5
1389.03 652900.7
1389.18 676963.4
1389.33 702095.5
1389.48 726692.9
1389.63 751290.3
1389.78 786582.2
1389.93 820804.7
1390.08 856096.6
1390.23 890319.1
1390.38 925611.0
1390.53 960368.2
1390.68 1007424.1
1390.83 1058223.1
1390.98 1109022.1
1391.13 1159821.1
1391.28 1211154.8
1391.43 1261419.1
1391.58 1327725.1
1391.73 1405795.1
1391.88 1483865.2
1392.03 1560865.7
1392.18 1638935.8
1392.33 1716471.1
1392.48 1812721.8
1392.63 1939451.9
1392.78 2065647.3
1392.93 2192377.4
1393.08 2319107.5
1393.23 2445302.9
1393.38 2589144.2
1393.53 2812659.7
1393.68 3036175.3
1393.83 3259690.8
1393.98 3483206.4
1394.13 3706721.9
1394.28 3930237.5
1394.43 4246260.7
1394.58 4601853.6
1394.73 5000759.3
1394.88 5450998.8
1395.03 5959523.4
1395.18 6538631.8
1395.33 7199553.4
1395.48 7959399.3
1395.63 8836885.0
1395.78 9857677.3
1395.93 11051720.9
1396.08 12460189.6
1396.23 14133882.6
1396.38 16141779.4
1396.53 18574783.6
1396.68 21552139.0
1396.83 25246027.5
1396.98 29881568.8
1397.13 35803126.7
1397.28 43479121.1
1397.43 53642127.0
1397.58 67378173.3
1397.73 86418703.4
1397.88 113539481.0
1398.03 153292630.0
1398.18 213380346.5
1398.33 305972463.7
1398.48 448868412.4
1398.63 653653570.2
1398.78 883455357.8
1398.93 1000000000.0
1399.08 811826111.3
1399.23 472359468.6
1399.38 237733916.0
1399.53 117759540.0
1399.68 60584477.1
1399.83 32989397.4
1399.98 18956578.1
1400.13 11478967.1
1400.28 7255699.6
1400.43 4770827.1
1400.58 3241510.2
1400.73 2267239.0
1400.88 1626102.3
1401.03 1192439.4
1401.18 891923.3
1401.33 678032.8
1401.48 524031.7
1401.63 410669.7
1401.78 325648.2
1401.93 261481.1
1402.08 211751.6
1402.23 173251.3
1402.38 143306.6
1402.53 118709.2
1402.68 99459.1
1402.83 83952.0
1402.98 71118.6
1403.13 60958.8
1403.28 52403.2
1403.43 44917.0
1403.58 39035.0
1403.73 35826.7
1403.88 32083.6
1404.03 28875.2
1404.18 25132.1
1404.33 21923.8
1404.48 18715.4
1404.63 16041.8
1404.78 14972.3
1404.93 13902.9
1405.08 12298.7
1405.23 10694.5
1405.38 9625.1
1405.53 8555.6
1405.68 7486.2
1405.83 6951.4
1405.98 6951.4
1406.13 5882.0
1406.28 5347.3
1406.43 4812.5
1406.58 4277.8
1406.73 4277.8
1406.88 3743.1
1407.03 3743.1
1407.18 3208.4
1407.33 2673.6
1407.48 2673.6
1407.63 2673.6
1407.78 2138.9
1407.93 2673.6
1408.08 2138.9
1408.23 1604.2
1408.38 1604.2
1408.53 1604.2
1408.68 1604.2
1408.83 1604.2
1408.98 1069.5
1409.13 1069.5
1409.28 1069.5
1409.43 1069.5
1409.58 1069.5
1409.73 1069.5
1409.88 534.7
1410.03 1069.5
1410.18 534.7
1410.33 1069.5
1410.48 1069.5
1410.63 534.7
1410.78 534.7
1410.93 534.7
1411.08 534.7
1411.23 534.7
1411.38 534.7
1411.53 534.7
1411.68 534.7
1411.83 534.7
1411.98 0.0
1412.13 0.0
1412.28 534.7
1412.43 534.7
1412.58 534.7
1412.73 534.7
1412.88 534.7
1413.03 0.0
1413.18 0.0
1413.33 534.7
1413.48 534.7
1413.63 534.7
1413.78 534.7
1413.93 0.0
1414.08 0.0
1414.23 0.0
1414.38 0.0
1414.53 534.7
1414.68 0.0
1414.83 0.0
1414.98 0.0
1415.13 0.0
1415.28 0.0
1415.43 0.0
1415.58 534.7
1415.73 534.7
1415.88 534.7
1416.03 534.7
1416.18 534.7
1416.33 534.7
1416.48 0.0
1416.63 0.0
1416.78 0.0
1416.93 0.0
1417.08 0.0
1417.23 0.0
1417.38 0.0
1417.53 0.0
1417.68 0.0
1417.83 0.0
1417.98 0.0
1418.13 0.0
1418.28 0.0
1418.43 0.0
1418.58 0.0
1418.73 534.7
1418.88 0.0
1419.03 0.0
1419.18 534.7
1419.33 0.0
1419.48 534.7
1419.63 0.0
1419.78 0.0
1419.93 0.0
1420.08 0.0
1420.23 0.0
1420.38 534.7
1420.53 0.0
1420.68 0.0
1420.83 0.0
1420.98 0.0
1421.13 0.0
1421.28 534.7
1421.43 0.0
1421.58 0.0
1421.73 0.0
1421.88 0.0
1422.03 0.0
1422.18 0.0
1422.33 0.0
1422.48 0.0
1422.63 0.0
1422.78 0.0
1422.93 0.0
1423.08 0.0
1423.23 0.0
1423.38 0.0
1423.53 0.0
1423.68 0.0
1423.83 0.0
1423.98 0.0
1424.13 0.0
1424.28 0.0
1424.43 0.0
1424.58 0.0
1424.73 0.0
1424.88 0.0
1425.03 0.0
1425.18 0.0
1425.33 0.0
1425.48 0.0
1425.63 0.0
1425.78 0.0
1425.93 0.0
1426.08 0.0
1426.23 0.0
1426.38 0.0
1426.53 0.0
1426.68 0.0
1426.83 0.0
1426.98 0.0
1427.13 0.0
1427.28 0.0
1427.43 0.0
1427.58 0.0
1427.73 0.0
1427.88 0.0
1428.03 0.0
1428.18 0.0
1428.33 0.0
1428.48 0.0
1428.63 0.0
1428.78 0.0
1428.93 0.0
1429.08 0.0
1429.23 0.0
1429.38 0.0
1429.53 0.0
1429.68 0.0
1429.83 0.0
1429.98 0.0
1430.13 0.0
1430.28 0.0
1430.43 0.0
1430.58 0.0
1430.73 0.0
1430.88 0.0
1431.03 0.0
1431.18 0.0
1431.33 0.0
1431.48 0.0
1431.63 0.0
1431.78 0.0
1431.93 0.0
1432.08 0.0
1432.23 0.0
1432.38 0.0
1432.53 0.0
1432.68 0.0
1432.83 0.0
1432.98 0.0
1433.13 0.0
1433.28 0.0
1433.43 0.0
1433.58 0.0
1433.73 0.0
1433.88 0.0
1434.03 0.0
1434.18 0.0
1434.33 0.0
1434.48 0.0
1434.63 0.0
1434.78 0.0
1434.93 0.0
1435.08 0.0
1435.23 0.0
1435.38 0.0
1435.53 0.0
1435.68 0.0
1435.83 0.0
1435.98 0.0
1436.13 0.0
1436.28 0.0
1436.43 0.0
1436.58 0.0
1436.73 0.0
1436.88 0.0
1437.03 0.0
1437.18 0.0
1437.33 0.0
1437.48 0.0
1437.63 0.0
1437.78 0.0
1437.93 0.0
1438.08 0.0
1438.23 0.0
1438.38 0.0
1438.53 0.0
1438.68 0.0
1438.83 0.0
1438.98 0.0
1439.13 0.0
1439.28 0.0
1439.43 0.0
1439.58 0.0
1439.73 0.0
1439.88 0.0
1440.03 0.0
1440.18 0.0
1440.33 0.0
1440.48 0.0
1440.63 0.0
1440.78 0.0
1440.93 0.0
1441.08 0.0
1441.23 0.0
1441.38 0.0
1441.53 0.0
1441.68 0.0
1441.83 0.0
1441.98 0.0
1442.13 0.0
1442.28 0.0
1442.43 0.0
1442.58 0.0
1442.73 0.0
1442.88 0.0
1443.03 0.0
1443.18 0.0
1443.33 0.0
1443.48 0.0
1443.63 0.0
1443.78 0.0
1443.93 0.0
1444.08 0.0
1444.23 0.0
1444.38 0.0
1444.53 0.0
1444.68 0.0
1444.83 0.0
1444.98 0.0
1445.13 0.0
1445.28 0.0
1445.43 0.0
1445.58 0.0
1445.73 0.0
1445.88 0.0
1446.03 0.0
1446.18 0.0
1446.33 0.0
1446.48 0.0