1296.48 2478.1
1296.63 2478.1
1296.78 2478.1
1296.93 2065.1
1297.08 2065.1
1297.23 2065.1
1297.38 2065.1
1297.53 2478.1
1297.68 2478.1
1297.83 2478.1
1297.98 2478.1
1298.13 2478.1
1298.28 2478.1
1298.43 2065.1
1298.58 2478.1
1298.73 2065.1
1298.88 2065.1
1299.03 2478.1
1299.18 2478.1
1299.33 2478.1
1299.48 2065.1
1299.63 2478.1
1299.78 2478.1
1299.93 2478.1
1300.08 2478.1
1300.23 2478.1
1300.38 2478.1
1300.53 2478.1
1300.68 2478.1
1300.83 2478.1
1300.98 2478.1
1301.13 2478.1
1301.28 2478.1
1301.43 2478.1
1301.58 2478.1
1301.73 2478.1
1301.88 2478.1
1302.03 2478.1
1302.18 2478.1
1302.33 2478.1
1302.48 2478.1
1302.63 2478.1
1302.78 2478.1
1302.93 2891.2
1303.08 2478.1
1303.23 2891.2
1303.38 2478.1
1303.53 2478.1
1303.68 2478.1
1303.83 2891.2
1303.98 2891.2
1304.13 2891.2
1304.28 2891.2
1304.43 2891.2
1304.58 2478.1
1304.73 2891.2
1304.88 2478.1
1305.03 2891.2
1305.18 2478.1
1305.33 2891.2
1305.48 2891.2
1305.63 2891.2
1305.78 2891.2
1305.93 2891.2
1306.08 2891.2
1306.23 2891.2
1306.38 2478.1
1306.53 2891.2
1306.68 2891.2
1306.83 2891.2
1306.98 2891.2
1307.13 2891.2
1307.28 2891.2
1307.43 2891.2
1307.58 2891.2
1307.73 3304.2
1307.88 2891.2
1308.03 2891.2
1308.18 2891.2
1308.33 3304.2
1308.48 2891.2
1308.63 2891.2
1308.78 3304.2
1308.93 2891.2
1309.08 2891.2
1309.23 3304.2
1309.38 2891.2
1309.53 3304.2
1309.68 3304.2
1309.83 3304.2
1309.98 2891.2
1310.13 3304.2
1310.28 2891.2
1310.43 3304.2
1310.58 3304.2
1310.73 3304.2
1310.88 3304.2
1311.03 3304.2
1311.18 3304.2
1311.33 2891.2
1311.48 3304.2
1311.63 3304.2
1311.78 3304.2
1311.93 3304.2
1312.08 3304.2
1312.23 3304.2
1312.38 3304.2
1312.53 3304.2
1312.68 3304.2
1312.83 3304.2
1312.98 3304.2
1313.13 3717.2
1313.28 3304.2
1313.43 3717.2
1313.58 3717.2
1313.73 3304.2
1313.88 3304.2
1314.03 3304.2
1314.18 3304.2
1314.33 3304.2
1314.48 3717.2
1314.63 3304.2
1314.78 3304.2
1314.93 3304.2
1315.08 3304.2
1315.23 3717.2
1315.38 3717.2
1315.53 3304.2
1315.68 3304.2
1315.83 3717.2
1315.98 3304.2
1316.13 3717.2
1316.28 3717.2
1316.43 3717.2
1316.58 3717.2
1316.73 3717.2
1316.88 3717.2
1317.03 3717.2
1317.18 3717.2
1317.33 4130.2
1317.48 3717.2
1317.63 3717.2
1317.78 4130.2
1317.93 3717.2
1318.08 4130.2
1318.23 4130.2
1318.38 4130.2
1318.53 3717.2
1318.68 4130.2
1318.83 3717.2
1318.98 4130.2
1319.13 3717.2
1319.28 4130.2
1319.43 4130.2
1319.58 3717.2
1319.73 4130.2
1319.88 3717.2
1320.03 4130.2
1320.18 4130.2
1320.33 4130.2
1320.48 4130.2
1320.63 4543.3
1320.78 4543.3
1320.93 4130.2
1321.08 4130.2
1321.23 4543.3
1321.38 4543.3
1321.53 4130.2
1321.68 4130.2
1321.83 4543.3
1321.98 4543.3
1322.13 4543.3
1322.28 4543.3
1322.43 4543.3
1322.58 4543.3
1322.73 4130.2
1322.88 4130.2
1323.03 4130.2
1323.18 4543.3
1323.33 4543.3
1323.48 4543.3
1323.63 4956.3
1323.78 4543.3
1323.93 4543.3
1324.08 4543.3
1324.23 4543.3
1324.38 4956.3
1324.53 4543.3
1324.68 4543.3
1324.83 4956.3
1324.98 4543.3
1325.13 4543.3
1325.28 4956.3
1325.43 4543.3
1325.58 4543.3
1325.73 4956.3
1325.88 4956.3
1326.03 4956.3
1326.18 4956.3
1326.33 4956.3
1326.48 4956.3
1326.63 4956.3
1326.78 4956.3
1326.93 5369.3
1327.08 4956.3
1327.23 4956.3
1327.38 4956.3
1327.53 4956.3
1327.68 4956.3
1327.83 4956.3
1327.98 5369.3
1328.13 4956.3
1328.28 5369.3
1328.43 5369.3
1328.58 5369.3
1328.73 5369.3
1328.88 5369.3
1329.03 5369.3
1329.18 5782.3
1329.33 5369.3
1329.48 5369.3
1329.63 5369.3
1329.78 5782.3
1329.93 5369.3
1330.08 5782.3
1330.23 5369.3
1330.38 5369.3
1330.53 5782.3
1330.68 5782.3
1330.83 5782.3
1330.98 5782.3
1331.13 6195.4
1331.28 5782.3
1331.43 6195.4
1331.58 5782.3
1331.73 5782.3
1331.88 6195.4
1332.03 5782.3
1332.18 6195.4
1332.33 6195.4
1332.48 6195.4
1332.63 6195.4
1332.78 6195.4
1332.93 6195.4
1333.08 6195.4
1333.23 6195.4
1333.38 6608.4
1333.53 6195.4
1333.68 6608.4
1333.83 6195.4
1333.98 6608.4
1334.13 6608.4
1334.28 6608.4
1334.43 6608.4
1334.58 6608.4
1334.73 6608.4
1334.88 6608.4
1335.03 6608.4
1335.18 6608.4
1335.33 6608.4
1335.48 7021.4
1335.63 7021.4
1335.78 7021.4
1335.93 6608.4
1336.08 6608.4
1336.23 7021.4
1336.38 7021.4
1336.53 7021.4
1336.68 7021.4
1336.83 7021.4
1336.98 7434.4
1337.13 7021.4
1337.28 7434.4
1337.43 7021.4
1337.58 7434.4
1337.73 7021.4
1337.88 7434.4
1338.03 7434.4
1338.18 7847.4
1338.33 7434.4
1338.48 7434.4
1338.63 7847.4
1338.78 7434.4
1338.93 7434.4
1339.08 7847.4
1339.23 7847.4
1339.38 7847.4
1339.53 7847.4
1339.68 7847.4
1339.83 7847.4
1339.98 8260.5
1340.13 7847.4
1340.28 7847.4
1340.43 8260.5
1340.58 7847.4
1340.73 8260.5
1340.88 8260.5
1341.03 8260.5
1341.18 8673.5
1341.33 8260.5
1341.48 8673.5
1341.63 8673.5
1341.78 8673.5
1341.93 8673.5
1342.08 8673.5
1342.23 8673.5
1342.38 8673.5
1342.53 8673.5
1342.68 8673.5
1342.83 9086.5
1342.98 8673.5
1343.13 9086.5
1343.28 9086.5
1343.43 9086.5
1343.58 9499.5
1343.73 9499.5
1343.88 9499.5
1344.03 9499.5
1344.18 9086.5
1344.33 9499.5
1344.48 9499.5
1344.63 9499.5
1344.78 9499.5
1344.93 9499.5
1345.08 9912.6
1345.23 9912.6
1345.38 9912.6
1345.53 9912.6
1345.68 10325.6
1345.83 9912.6
1345.98 10325.6
1346.13 10325.6
1346.28 10325.6
1346.43 10325.6
1346.58 10325.6
1346.73 10738.6
1346.88 10738.6
1347.03 10738.6
1347.18 10738.6
1347.33 10738.6
1347.48 10738.6
1347.63 10738.6
1347.78 10738.6
1347.93 10738.6
1348.08 11151.6
1348.23 11151.6
1348.38 11151.6
1348.53 11564.7
1348.68 11564.7
1348.83 11564.7
1348.98 11564.7
1349.13 11564.7
1349.28 11564.7
1349.43 11977.7
1349.58 11977.7
1349.73 11977.7
1349.88 11977.7
1350.03 11977.7
1350.18 12390.7
1350.33 12390.7
1350.48 12390.7
1350.63 12390.7
1350.78 12803.7
1350.93 12803.7
1351.08 12803.7
1351.23 12803.7
1351.38 12803.7
1351.53 13216.8
1351.68 13216.8
1351.83 13216.8
1351.98 13216.8
1352.13 13216.8
1352.28 13629.8
1352.43 13629.8
1352.58 13629.8
1352.73 13629.8
1352.88 14042.8
1353.03 14042.8
1353.18 14042.8
1353.33 14455.8
1353.48 14455.8
1353.63 14455.8
1353.78 14455.8
1353.93 14455.8
1354.08 14868.8
1354.23 14868.8
1354.38 14868.8
1354.53 15281.9
1354.68 14868.8
1354.83 15281.9
1354.98 15281.9
1355.13 15694.9
1355.28 15694.9
1355.43 15694.9
1355.58 16107.9
1355.73 16107.9
1355.88 16520.9
1356.03 16107.9
1356.18 16520.9
1356.33 16520.9
1356.48 16520.9
1356.63 16934.0
1356.78 16934.0
1356.93 16934.0
1357.08 16934.0
1357.23 17347.0
1357.38 17347.0
1357.53 17760.0
1357.68 17760.0
1357.83 18173.0
1357.98 17760.0
1358.13 18173.0
1358.28 18173.0
1358.43 18586.1
1358.58 18586.1
1358.73 18999.1
1358.88 18999.1
1359.03 18999.1
1359.18 18999.1
1359.33 19412.1
1359.48 19412.1
1359.63 19825.1
1359.78 19825.1
1359.93 20238.1
1360.08 20238.1
1360.23 20238.1
1360.38 20651.2
1360.53 21064.2
1360.68 21064.2
1360.83 21064.2
1360.98 21064.2
1361.13 21477.2
1361.28 21890.2
1361.43 21890.2
1361.58 22303.3
1361.73 22303.3
1361.88 22303.3
1362.03 22716.3
1362.18 22716.3
1362.33 23129.3
1362.48 23129.3
1362.63 23542.3
1362.78 23542.3
1362.93 23542.3
1363.08 23955.4
1363.23 24368.4
1363.38 24781.4
1363.53 24781.4
1363.68 24781.4
1363.83 25194.4
1363.98 25194.4
1364.13 25607.5
1364.28 26020.5
1364.43 26433.5
1364.58 26433.5
1364.73 26846.5
1364.88 26846.5
1365.03 27259.5
1365.18 27672.6
1365.33 27672.6
1365.48 28085.6
1365.63 28498.6
1365.78 28498.6
1365.93 28911.6
1366.08 28911.6
1366.23 29324.7
1366.38 29737.7
1366.53 30150.7
1366.68 30150.7
1366.83 30563.7
1366.98 30976.8
1367.13 31389.8
1367.28 31802.8
1367.43 31802.8
1367.58 32628.9
1367.73 32628.9
1367.88 33041.9
1368.03 33041.9
1368.18 33867.9
1368.33 34280.9
1368.48 34280.9
1368.63 34694.0
1368.78 35107.0
1368.93 35520.0
1369.08 35933.0
1369.23 36346.1
1369.38 36346.1
1369.53 37172.1
1369.68 37585.1
1369.83 37585.1
1369.98 38411.2
1370.13 38824.2
1370.28 39237.2
1370.43 39650.3
1370.58 40063.3
1370.73 40063.3
1370.88 40889.3
1371.03 41302.3
1371.18 41715.4
1371.33 42541.4
1371.48 42541.4
1371.63 43367.5
1371.78 43780.5
1371.93 44193.5
1372.08 44606.5
1372.23 45432.6
1372.38 45845.6
1372.53 46258.6
1372.68 47084.7
1372.83 47497.7
1372.98 47910.7
1373.13 48736.8
1373.28 49149.8
1373.43 49975.8
1373.58 50801.9
1373.73 51214.9
1373.88 52041.0
1374.03 52454.0
1374.18 53280.0
1374.33 54106.1
1374.48 54519.1
1374.63 55345.1
1374.78 55758.2
1374.93 56997.2
1375.08 57410.3
1375.23 58236.3
1375.38 59062.4
1375.53 59888.4
1375.68 60301.4
1375.83 61127.5
1375.98 62366.5
1376.13 63192.6
1376.28 64018.6
1376.43 64844.7
1376.58 65670.7
1376.73 66909.8
1376.88 67735.8
1377.03 68561.9
1377.18 69387.9
1377.33 70627.0
1377.48 71453.1
1377.63 72279.1
1377.78 73518.2
1377.93 74757.2
1378.08 75996.3
1378.23 76822.4
1378.38 78061.4
1378.53 79300.5
1378.68 80539.6
1378.83 81778.6
1378.98 83017.7
1379.13 84256.8
1379.28 85495.9
1379.43 86734.9
1379.58 88387.0
1379.73 89626.1
1379.88 91278.2
1380.03 92930.3
1380.18 93756.3
1380.33 95408.4
1380.48 97473.5
1380.63 98712.6
1380.78 100364.7
1380.93 102016.8
1381.08 103668.9
1381.23 105321.0
1381.38 107386.1
1381.53 109451.2
1381.68 111516.3
1381.83 113168.4
1381.98 114820.5
1382.13 116885.6
1382.28 118950.8
1382.43 121428.9
1382.58 123494.0
1382.73 125559.1
1382.88 127624.2
1383.03 130102.4
1383.18 132580.5
1383.33 135471.7
1383.48 137949.8
1383.63 140841.0
1383.78 142906.1
1383.93 146210.3
1384.08 148688.4
1384.23 151992.6
1384.38 154883.8
1384.53 158188.0
1384.68 161079.1
1384.83 163970.3
1384.98 167687.5
1385.13 171404.7
1385.28 174708.9
1385.43 178839.2
1385.58 182556.4
1385.73 186273.6
1385.88 189577.8
1386.03 194534.0
1386.18 199077.3
1386.33 203620.6
1386.48 207750.8
1386.63 212294.1
1386.78 216837.3
1386.93 222206.6
1387.08 227575.9
1387.23 233358.3
1387.38 238727.6
1387.53 244096.9
1387.68 249466.2
1387.83 256074.5
1387.98 262682.9
1388.13 269704.3
1388.28 276725.7
1388.43 282921.1
1388.58 289942.5
1388.73 297789.9
1388.88 306050.4
1389.03 314723.9
1389.18 322984.3
1389.33 331657.8
1389.48 339918.3
1389.63 349004.8
1389.78 360156.5
1389.93 370895.1
1390.08 382046.7
1390.23 392785.3
1390.38 403523.9
1390.53 414675.5
1390.68 428718.3
1390.83 443174.2
1390.98 457217.0
1391.13 470846.7
1391.28 485302.6
1391.43 499345.4
1391.58 517518.4
1391.73 536517.5
1391.88 555103.5
1392.03 573689.6
1392.18 592688.7
1392.33 611274.7
1392.48 634404.0
1392.63 660424.5
1392.78 685618.9
1392.93 711226.4
1393.08 736833.8
1393.23 762028.3
1393.38 793005.0
1393.53 828525.1
1393.68 864458.1
1393.83 900391.1
1393.98 936324.2
1394.13 972257.2
1394.28 1013146.5
1394.43 1065187.5
1394.58 1118054.5
1394.73 1170095.4
1394.88 1222549.4
1395.03 1274590.4
1395.18 1329935.5
1395.33 1410062.1
1395.48 1490188.6
1395.63 1570315.2
1395.78 1650854.8
1395.93 1730568.3
1396.08 1810694.8
1396.23 1936667.0
1396.38 2066769.4
1396.53 2197284.8
1396.68 2327387.2
1396.83 2457902.6
1396.98 2588005.0
1397.13 2789560.4
1397.28 3019614.5
1397.43 3249668.5
1397.58 3479722.6
1397.73 3709776.7
1397.88 3940243.8
1398.03 4215730.4
1398.18 4563496.2
1398.33 4952564.3
1398.48 5390369.1
1398.63 5884758.2
1398.78 6446057.1
1398.93 7085417.4
1399.08 7818534.0
1399.23 8662340.9
1399.38 9641619.5
1399.53 10782803.4
1399.68 12124716.6
1399.83 13713617.8
1399.98 15610634.5
1400.13 17899197.5
1400.28 20684627.7
1400.43 24120569.8
1400.58 28405275.1
1400.73 33836946.6
1400.88 40821586.3
1401.03 49982859.5
1401.18 62236026.4
1401.33 79020060.5
1401.48 102618568.7
1401.63 136729349.9
1401.78 187614252.6
1401.93 265337832.5
1402.08 386029068.6
1402.23 567075835.2
1402.38 802941553.1
1402.53 1000000000.0
1402.68 970500625.7
1402.83 644834109.1
1402.98 339931933.7
1403.13 167894447.7
1403.28 84499642.7
1403.43 44816762.1
1403.58 25101913.5
1403.73 14858518.8
1403.88 9206705.8
1404.03 5950015.9
1404.18 3982372.2
1404.33 2749497.1
1404.48 1950296.8
1404.63 1415431.4
1404.78 1049492.6
1404.93 791766.0
1405.08 607970.5
1405.23 472911.9
1405.38 372960.2
1405.53 297789.9
1405.68 239966.6
1405.83 195773.1
1405.98 161079.1
1406.13 133406.6
1406.28 111103.3
1406.43 93756.3
1406.58 79300.5
1406.73 67322.8
1406.88 57823.3
1407.03 49975.8
1407.18 43367.5
1407.33 37998.2
1407.48 34694.0
1407.63 30976.8
1407.78 27672.6
1407.93 24368.4
1408.08 20651.2
1408.23 17347.0
1408.38 16107.9
1408.53 14868.8
1408.68 13216.8
1408.83 11977.7
1408.98 10325.6
1409.13 9086.5
1409.28 8260.5
1409.43 7847.4
1409.58 7434.4
1409.73 6608.4
1409.88 5782.3
1410.03 5369.3
1410.18 4543.3
1410.33 4543.3
1410.48 4130.2
1410.63 3717.2
1410.78 3304.2
1410.93 3304.2
1411.08 2891.2
1411.23 2891.2
1411.38 2478.1
1411.53 2065.1
1411.68 2065.1
1411.83 2065.1
1411.98 1652.1
1412.13 1652.1
1412.28 1652.1
1412.43 1652.1
1412.58 1239.1
1412.73 1652.1
1412.88 1239.1
1413.03 1239.1
1413.18 826.0
1413.33 1239.1
1413.48 1239.1
1413.63 1239.1
1413.78 1239.1
1413.93 826.0
1414.08 826.0
1414.23 826.0
1414.38 826.0
1414.53 826.0
1414.68 826.0
1414.83 826.0
1414.98 413.0
1415.13 413.0
1415.28 413.0
1415.43 413.0
1415.58 826.0
1415.73 413.0
1415.88 413.0
1416.03 413.0
1416.18 413.0
1416.33 413.0
1416.48 413.0
1416.63 0.0
1416.78 413.0
1416.93 413.0
1417.08 413.0
1417.23 413.0
1417.38 413.0
1417.53 413.0
1417.68 413.0
1417.83 413.0
1417.98 0.0
1418.13 0.0
1418.28 0.0
1418.43 413.0
1418.58 413.0
1418.73 413.0
1418.88 0.0
1419.03 413.0
1419.18 413.0
1419.33 0.0
1419.48 413.0
1419.63 0.0
1419.78 413.0
1419.93 0.0
1420.08 0.0
1420.23 0.0
1420.38 413.0
1420.53 0.0
1420.68 0.0
1420.83 0.0
1420.98 0.0
1421.13 0.0
1421.28 413.0
1421.43 0.0
1421.58 0.0
1421.73 0.0
1421.88 0.0
1422.03 0.0
1422.18 0.0
1422.33 0.0
1422.48 0.0
1422.63 0.0
1422.78 0.0
1422.93 0.0
1423.08 0.0
1423.23 0.0
1423.38 0.0
1423.53 413.0
1423.68 0.0
1423.83 0.0
1423.98 0.0
1424.13 0.0
1424.28 0.0
1424.43 0.0
1424.58 0.0
1424.73 0.0
1424.88 413.0
1425.03 413.0
1425.18 0.0
1425.33 0.0
1425.48 0.0
1425.63 0.0
1425.78 0.0
1425.93 0.0
1426.08 0.0
1426.23 413.0
1426.38 413.0
1426.53 413.0
1426.68 0.0
1426.83 0.0
1426.98 0.0
1427.13 0.0
1427.28 0.0
1427.43 0.0
1427.58 0.0
1427.73 0.0
1427.88 0.0
1428.03 0.0
1428.18 0.0
1428.33 0.0
1428.48 0.0
1428.63 0.0
1428.78 0.0
1428.93 0.0
1429.08 0.0
1429.23 0.0
1429.38 0.0
1429.53 0.0
1429.68 0.0
1429.83 0.0
1429.98 0.0
1430.13 0.0
1430.28 0.0
1430.43 0.0
1430.58 0.0
1430.73 0.0
1430.88 0.0
1431.03 0.0
1431.18 0.0
1431.33 0.0
1431.48 0.0
1431.63 0.0
1431.78 0.0
1431.93 0.0
1432.08 0.0
1432.23 0.0
1432.38 0.0
1432.53 0.0
1432.68 0.0
1432.83 0.0
1432.98 0.0
1433.13 0.0
1433.28 0.0
1433.43 0.0
1433.58 0.0
1433.73 0.0
1433.88 0.0
1434.03 0.0
1434.18 0.0
1434.33 0.0
1434.48 0.0
1434.63 0.0
1434.78 0.0
1434.93 0.0
1435.08 0.0
1435.23 0.0
1435.38 0.0
1435.53 0.0
1435.68 0.0
1435.83 0.0
1435.98 0.0
1436.13 0.0
1436.28 0.0
1436.43 0.0
1436.58 0.0
1436.73 0.0
1436.88 0.0
1437.03 0.0
1437.18 0.0
1437.33 0.0
1437.48 0.0
1437.63 0.0
1437.78 0.0
1437.93 0.0
1438.08 0.0
1438.23 0.0
1438.38 0.0
1438.53 0.0
1438.68 41.3
1438.83 0.0
1438.98 0.0
1439.13 0.0
1439.28 0.0
1439.43 0.0
1439.58 0.0
1439.73 0.0
1439.88 0.0
1440.03 0.0
1440.18 0.0
1440.33 0.0
1440.48 0.0
1440.63 0.0
1440.78 41.3
1440.93 0.0
1441.08 0.0
1441.23 41.3
1441.38 0.0
1441.53 0.0
1441.68 0.0
1441.83 0.0
1441.98 0.0
1442.13 0.0
1442.28 0.0
1442.43 0.0
1442.58 0.0
1442.73 0.0
1442.88 41.3
1443.03 0.0
1443.18 41.3
1443.33 0.0
1443.48 0.0
1443.63 0.0
1443.78 0.0
1443.93 0.0
1444.08 0.0
1444.23 0.0
1444.38 0.0
1444.53 0.0
1444.68 0.0
1444.83 0.0
1444.98 0.0
1445.13 0.0
1445.28 0.0
1445.43 0.0
1445.58 0.0
1445.73 0.0
1445.88 0.0
1446.03 0.0
1446.18 0.0
1446.33 0.0
1446.48 0.0