606.48 14424.2
606.63 14424.2
606.78 14424.2
606.93 14424.2
607.08 14424.2
607.23 14424.2
607.38 14424.2
607.53 14424.2
607.68 14424.2
607.83 14424.2
607.98 14424.2
608.13 14424.2
608.28 14424.2
608.43 14424.2
608.58 14424.2
608.73 0.0
608.88 14424.2
609.03 14424.2
609.18 14424.2
609.33 14424.2
609.48 14424.2
609.63 14424.2
609.78 14424.2
609.93 14424.2
610.08 14424.2
610.23 14424.2
610.38 14424.2
610.53 14424.2
610.68 14424.2
610.83 14424.2
610.98 14424.2
611.13 14424.2
611.28 14424.2
611.43 14424.2
611.58 14424.2
611.73 14424.2
611.88 14424.2
612.03 14424.2
612.18 14424.2
612.33 14424.2
612.48 14424.2
612.63 14424.2
612.78 14424.2
612.93 14424.2
613.08 14424.2
613.23 14424.2
613.38 14424.2
613.53 14424.2
613.68 14424.2
613.83 14424.2
613.98 14424.2
614.13 14424.2
614.28 14424.2
614.43 14424.2
614.58 14424.2
614.73 14424.2
614.88 28848.4
615.03 14424.2
615.18 28848.4
615.33 14424.2
615.48 28848.4
615.63 14424.2
615.78 14424.2
615.93 14424.2
616.08 14424.2
616.23 14424.2
616.38 14424.2
616.53 14424.2
616.68 14424.2
616.83 14424.2
616.98 14424.2
617.13 14424.2
617.28 28848.4
617.43 28848.4
617.58 14424.2
617.73 14424.2
617.88 14424.2
618.03 14424.2
618.18 14424.2
618.33 14424.2
618.48 14424.2
618.63 14424.2
618.78 28848.4
618.93 14424.2
619.08 14424.2
619.23 28848.4
619.38 28848.4
619.53 14424.2
619.68 14424.2
619.83 14424.2
619.98 28848.4
620.13 28848.4
620.28 14424.2
620.43 14424.2
620.58 28848.4
620.73 14424.2
620.88 28848.4
621.03 14424.2
621.18 14424.2
621.33 14424.2
621.48 14424.2
621.63 28848.4
621.78 14424.2
621.93 28848.4
622.08 28848.4
622.23 14424.2
622.38 14424.2
622.53 14424.2
622.68 14424.2
622.83 14424.2
622.98 14424.2
623.13 14424.2
623.28 28848.4
623.43 14424.2
623.58 28848.4
623.73 28848.4
623.88 14424.2
624.03 28848.4
624.18 14424.2
624.33 28848.4
624.48 28848.4
624.63 28848.4
624.78 14424.2
624.93 14424.2
625.08 14424.2
625.23 14424.2
625.38 14424.2
625.53 28848.4
625.68 28848.4
625.83 28848.4
625.98 28848.4
626.13 14424.2
626.28 28848.4
626.43 14424.2
626.58 14424.2
626.73 14424.2
626.88 14424.2
627.03 14424.2
627.18 28848.4
627.33 28848.4
627.48 28848.4
627.63 28848.4
627.78 28848.4
627.93 14424.2
628.08 28848.4
628.23 28848.4
628.38 14424.2
628.53 14424.2
628.68 28848.4
628.83 14424.2
628.98 28848.4
629.13 28848.4
629.28 28848.4
629.43 14424.2
629.58 14424.2
629.73 28848.4
629.88 28848.4
630.03 14424.2
630.18 28848.4
630.33 28848.4
630.48 28848.4
630.63 28848.4
630.78 28848.4
630.93 28848.4
631.08 28848.4
631.23 28848.4
631.38 28848.4
631.53 28848.4
631.68 28848.4
631.83 28848.4
631.98 28848.4
632.13 28848.4
632.28 28848.4
632.43 28848.4
632.58 28848.4
632.73 28848.4
632.88 28848.4
633.03 14424.2
633.18 28848.4
633.33 28848.4
633.48 28848.4
633.63 28848.4
633.78 28848.4
633.93 28848.4
634.08 14424.2
634.23 28848.4
634.38 28848.4
634.53 28848.4
634.68 28848.4
634.83 28848.4
634.98 28848.4
635.13 28848.4
635.28 28848.4
635.43 28848.4
635.58 28848.4
635.73 28848.4
635.88 14424.2
636.03 28848.4
636.18 28848.4
636.33 28848.4
636.48 28848.4
636.63 28848.4
636.78 28848.4
636.93 28848.4
637.08 28848.4
637.23 28848.4
637.38 28848.4
637.53 28848.4
637.68 28848.4
637.83 28848.4
637.98 28848.4
638.13 43272.6
638.28 28848.4
638.43 28848.4
638.58 28848.4
638.73 43272.6
638.88 43272.6
639.03 28848.4
639.18 43272.6
639.33 28848.4
639.48 28848.4
639.63 28848.4
639.78 43272.6
639.93 28848.4
640.08 28848.4
640.23 28848.4
640.38 28848.4
640.53 28848.4
640.68 28848.4
640.83 43272.6
640.98 43272.6
641.13 43272.6
641.28 28848.4
641.43 28848.4
641.58 43272.6
641.73 43272.6
641.88 43272.6
642.03 28848.4
642.18 43272.6
642.33 28848.4
642.48 43272.6
642.63 28848.4
642.78 43272.6
642.93 43272.6
643.08 43272.6
643.23 43272.6
643.38 43272.6
643.53 43272.6
643.68 28848.4
643.83 43272.6
643.98 43272.6
644.13 28848.4
644.28 43272.6
644.43 28848.4
644.58 43272.6
644.73 43272.6
644.88 43272.6
645.03 43272.6
645.18 28848.4
645.33 43272.6
645.48 43272.6
645.63 28848.4
645.78 43272.6
645.93 43272.6
646.08 43272.6
646.23 43272.6
646.38 43272.6
646.53 43272.6
646.68 43272.6
646.83 43272.6
646.98 43272.6
647.13 43272.6
647.28 43272.6
647.43 43272.6
647.58 43272.6
647.73 43272.6
647.88 43272.6
648.03 43272.6
648.18 43272.6
648.33 43272.6
648.48 43272.6
648.63 43272.6
648.78 57696.7
648.93 43272.6
649.08 43272.6
649.23 57696.7
649.38 43272.6
649.53 57696.7
649.68 43272.6
649.83 57696.7
649.98 43272.6
650.13 43272.6
650.28 57696.7
650.43 57696.7
650.58 43272.6
650.73 43272.6
650.88 57696.7
651.03 57696.7
651.18 43272.6
651.33 43272.6
651.48 57696.7
651.63 43272.6
651.78 57696.7
651.93 57696.7
652.08 57696.7
652.23 57696.7
652.38 57696.7
652.53 57696.7
652.68 57696.7
652.83 57696.7
652.98 57696.7
653.13 43272.6
653.28 43272.6
653.43 57696.7
653.58 57696.7
653.73 43272.6
653.88 57696.7
654.03 57696.7
654.18 57696.7
654.33 57696.7
654.48 57696.7
654.63 57696.7
654.78 57696.7
654.93 57696.7
655.08 57696.7
655.23 57696.7
655.38 57696.7
655.53 72120.9
655.68 57696.7
655.83 72120.9
655.98 57696.7
656.13 72120.9
656.28 72120.9
656.43 57696.7
656.58 72120.9
656.73 72120.9
656.88 72120.9
657.03 72120.9
657.18 72120.9
657.33 72120.9
657.48 57696.7
657.63 72120.9
657.78 72120.9
657.93 72120.9
658.08 72120.9
658.23 57696.7
658.38 72120.9
658.53 72120.9
658.68 57696.7
658.83 72120.9
658.98 72120.9
659.13 72120.9
659.28 72120.9
659.43 72120.9
659.58 72120.9
659.73 72120.9
659.88 72120.9
660.03 72120.9
660.18 72120.9
660.33 72120.9
660.48 86545.1
660.63 72120.9
660.78 72120.9
660.93 72120.9
661.08 72120.9
661.23 86545.1
661.38 86545.1
661.53 86545.1
661.68 86545.1
661.83 72120.9
661.98 86545.1
662.13 86545.1
662.28 86545.1
662.43 72120.9
662.58 86545.1
662.73 86545.1
662.88 86545.1
663.03 86545.1
663.18 86545.1
663.33 86545.1
663.48 86545.1
663.63 86545.1
663.78 86545.1
663.93 100969.3
664.08 86545.1
664.23 86545.1
664.38 86545.1
664.53 100969.3
664.68 100969.3
664.83 86545.1
664.98 100969.3
665.13 100969.3
665.28 100969.3
665.43 100969.3
665.58 100969.3
665.73 100969.3
665.88 100969.3
666.03 100969.3
666.18 100969.3
666.33 100969.3
666.48 100969.3
666.63 100969.3
666.78 100969.3
666.93 115393.5
667.08 100969.3
667.23 100969.3
667.38 100969.3
667.53 115393.5
667.68 115393.5
667.83 115393.5
667.98 100969.3
668.13 115393.5
668.28 115393.5
668.43 115393.5
668.58 115393.5
668.73 115393.5
668.88 129817.7
669.03 115393.5
669.18 129817.7
669.33 129817.7
669.48 129817.7
669.63 129817.7
669.78 129817.7
669.93 115393.5
670.08 129817.7
670.23 129817.7
670.38 144241.9
670.53 129817.7
670.68 144241.9
670.83 129817.7
670.98 144241.9
671.13 144241.9
671.28 129817.7
671.43 144241.9
671.58 144241.9
671.73 144241.9
671.88 144241.9
672.03 144241.9
672.18 144241.9
672.33 144241.9
672.48 144241.9
672.63 144241.9
672.78 144241.9
672.93 158666.1
673.08 158666.1
673.23 158666.1
673.38 158666.1
673.53 158666.1
673.68 173090.2
673.83 158666.1
673.98 173090.2
674.13 158666.1
674.28 173090.2
674.43 173090.2
674.58 173090.2
674.73 187514.4
674.88 187514.4
675.03 187514.4
675.18 187514.4
675.33 187514.4
675.48 187514.4
675.63 187514.4
675.78 187514.4
675.93 187514.4
676.08 201938.6
676.23 201938.6
676.38 201938.6
676.53 201938.6
676.68 201938.6
676.83 201938.6
676.98 216362.8
677.13 201938.6
677.28 216362.8
677.43 216362.8
677.58 230787.0
677.73 216362.8
677.88 216362.8
678.03 216362.8
678.18 230787.0
678.33 230787.0
678.48 245211.2
678.63 230787.0
678.78 245211.2
678.93 230787.0
679.08 245211.2
679.23 245211.2
679.38 259635.4
679.53 259635.4
679.68 259635.4
679.83 259635.4
679.98 274059.5
680.13 259635.4
680.28 259635.4
680.43 274059.5
680.58 288483.7
680.73 274059.5
680.88 274059.5
681.03 288483.7
681.18 288483.7
681.33 288483.7
681.48 302907.9
681.63 302907.9
681.78 302907.9
681.93 302907.9
682.08 317332.1
682.23 317332.1
682.38 331756.3
682.53 331756.3
682.68 346180.5
682.83 346180.5
682.98 346180.5
683.13 346180.5
683.28 346180.5
683.43 360604.7
683.58 360604.7
683.73 375028.8
683.88 375028.8
684.03 389453.0
684.18 389453.0
684.33 389453.0
684.48 389453.0
684.63 403877.2
684.78 403877.2
684.93 418301.4
685.08 432725.6
685.23 432725.6
685.38 432725.6
685.53 447149.8
685.68 461574.0
685.83 461574.0
685.98 461574.0
686.13 475998.2
686.28 475998.2
686.43 490422.3
686.58 504846.5
686.73 504846.5
686.88 504846.5
687.03 519270.7
687.18 533694.9
687.33 533694.9
687.48 548119.1
687.63 562543.3
687.78 576967.5
687.93 576967.5
688.08 591391.6
688.23 591391.6
688.38 605815.8
688.53 620240.0
688.68 634664.2
688.83 649088.4
688.98 663512.6
689.13 663512.6
689.28 677936.8
689.43 692361.0
689.58 706785.1
689.73 721209.3
689.88 735633.5
690.03 735633.5
690.18 750057.7
690.33 778906.1
690.48 793330.3
690.63 822178.6
690.78 822178.6
690.93 851027.0
691.08 865451.2
691.23 879875.4
691.38 894299.6
691.53 908723.7
691.68 937572.1
691.83 951996.3
691.98 966420.5
692.13 995268.9
692.28 1024117.2
692.43 1052965.6
692.58 1067389.8
692.73 1096238.2
692.88 1125086.5
693.03 1153934.9
693.18 1168359.1
693.33 1197207.5
693.48 1226055.9
693.63 1240480.0
693.78 1283752.6
693.93 1312601.0
694.08 1341449.3
694.23 1384721.9
694.38 1427994.5
694.53 1456842.8
694.68 1514539.6
694.83 1543388.0
694.98 1586660.5
695.13 1629933.1
695.28 1658781.4
695.43 1702054.0
695.58 1730902.4
695.73 1788599.1
695.88 1860720.1
696.03 1903992.6
696.18 1976113.5
696.33 2048234.5
696.48 2105931.2
696.63 2163628.0
696.78 2221324.7
696.93 2293445.6
697.08 2351142.4
697.23 2437687.5
697.38 2480960.1
697.53 2567505.2
697.68 2697322.9
697.83 2798292.2
697.98 2928109.9
698.13 3072351.7
698.28 3202169.4
698.43 3331987.1
698.58 3519501.5
698.73 3678167.6
698.88 3880106.2
699.03 4053196.4
699.18 4327255.9
699.33 4601315.5
699.48 4961920.1
699.63 5351373.2
699.78 5885068.1
699.93 6447611.4
700.08 7139972.3
700.23 7947726.7
700.38 8899723.1
700.53 10010385.4
700.68 11308562.2
700.83 12794253.4
700.98 14510731.6
701.13 16501269.3
701.28 18708169.9
701.43 21261250.9
701.58 24030694.7
701.73 27175167.3
701.88 30564851.1
702.03 34286291.3
702.18 38267366.7
702.33 42493653.4
702.48 46893030.2
702.63 51494345.7
702.78 56211054.7
702.93 60985460.4
703.08 65774290.3
703.23 70490999.3
703.38 75164435.7
703.53 79693630.3
703.68 84035310.4
703.83 88290445.4
703.98 92386914.4
704.13 96310293.1
704.28 100075005.8
704.43 103709900.8
704.58 107243826.4
704.73 110662358.6
704.88 114008769.9
705.03 117268636.0
705.18 120456381.3
705.33 123615278.1
705.48 126875144.2
705.63 130308100.6
705.78 134043964.9
705.93 138313524.1
706.08 143448534.5
706.23 149809600.7
706.38 157815024.2
706.53 168027348.3
706.68 181283175.6
706.83 198447957.5
706.98 220690053.1
707.13 249437456.7
707.28 286449919.2
707.43 333948765.3
707.58 394414955.0
707.73 470055388.9
707.88 562052850.2
708.03 669181283.2
708.18 784401684.7
708.33 892611931.7
708.48 971944957.3
708.63 1000000000.0
708.78 876644357.3
708.93 609032425.6
709.08 350522155.6
709.23 176753981.1
709.38 83314101.1
709.53 38339487.7
709.68 17727325.2
709.83 8481421.6
709.98 4283983.4
710.13 2307869.8
710.28 1298176.8
710.43 822178.6
710.58 504846.5
710.73 331756.3
710.88 230787.0
711.03 158666.1
711.18 100969.3
711.33 57696.7
711.48 43272.6
711.63 28848.4
711.78 14424.2
711.93 14424.2
712.08 14424.2
712.23 14424.2
712.38 0.0
712.53 0.0
712.68 0.0
712.83 0.0
712.98 14424.2
713.13 0.0
713.28 0.0
713.43 0.0
713.58 0.0
713.73 0.0
713.88 0.0
714.03 0.0
714.18 0.0
714.33 0.0
714.48 0.0
714.63 0.0
714.78 0.0
714.93 0.0
715.08 0.0
715.23 0.0
715.38 0.0
715.53 0.0
715.68 0.0
715.83 0.0
715.98 0.0
716.13 0.0
716.28 0.0
716.43 0.0
716.58 0.0
716.73 0.0
716.88 0.0
717.03 0.0
717.18 0.0
717.33 0.0
717.48 0.0
717.63 0.0
717.78 0.0
717.93 0.0
718.08 0.0
718.23 0.0
718.38 0.0
718.53 0.0
718.68 0.0
718.83 0.0
718.98 0.0
719.13 0.0
719.28 0.0
719.43 0.0
719.58 0.0
719.73 0.0
719.88 0.0
720.03 0.0
720.18 0.0
720.33 0.0
720.48 0.0
720.63 0.0
720.78 0.0
720.93 0.0
721.08 0.0
721.23 0.0
721.38 0.0
721.53 0.0
721.68 0.0
721.83 0.0
721.98 0.0
722.13 0.0
722.28 0.0
722.43 0.0
722.58 0.0
722.73 0.0
722.88 0.0
723.03 0.0
723.18 0.0
723.33 0.0
723.48 0.0
723.63 0.0
723.78 0.0
723.93 0.0
724.08 0.0
724.23 0.0
724.38 0.0
724.53 0.0
724.68 0.0
724.83 0.0
724.98 0.0
725.13 0.0
725.28 0.0
725.43 0.0
725.58 0.0
725.73 0.0
725.88 0.0
726.03 0.0
726.18 0.0
726.33 0.0
726.48 0.0
726.63 0.0
726.78 0.0
726.93 0.0
727.08 0.0
727.23 0.0
727.38 0.0
727.53 0.0
727.68 0.0
727.83 0.0
727.98 0.0
728.13 0.0
728.28 0.0
728.43 0.0
728.58 0.0
728.73 0.0
728.88 0.0
729.03 0.0
729.18 0.0
729.33 0.0
729.48 0.0
729.63 0.0
729.78 0.0
729.93 0.0
730.08 0.0
730.23 0.0
730.38 0.0
730.53 0.0
730.68 0.0
730.83 0.0
730.98 0.0
731.13 0.0
731.28 0.0
731.43 0.0
731.58 0.0
731.73 0.0
731.88 0.0
732.03 0.0
732.18 0.0
732.33 0.0
732.48 0.0
732.63 0.0
732.78 0.0
732.93 0.0
733.08 0.0
733.23 0.0
733.38 0.0
733.53 0.0
733.68 0.0
733.83 0.0
733.98 0.0
734.13 0.0
734.28 0.0
734.43 0.0
734.58 0.0
734.73 0.0
734.88 0.0
735.03 0.0
735.18 0.0
735.33 0.0
735.48 0.0
735.63 0.0
735.78 0.0
735.93 0.0
736.08 0.0
736.23 0.0
736.38 0.0
736.53 0.0
736.68 0.0
736.83 0.0
736.98 0.0
737.13 0.0
737.28 0.0
737.43 0.0
737.58 0.0
737.73 0.0
737.88 0.0
738.03 0.0
738.18 0.0
738.33 0.0
738.48 0.0
738.63 0.0
738.78 0.0
738.93 0.0
739.08 0.0
739.23 0.0
739.38 0.0
739.53 0.0
739.68 0.0
739.83 0.0
739.98 0.0
740.13 0.0
740.28 0.0
740.43 0.0
740.58 0.0
740.73 0.0
740.88 0.0
741.03 0.0
741.18 0.0
741.33 0.0
741.48 0.0
741.63 0.0
741.78 0.0
741.93 0.0
742.08 0.0
742.23 0.0
742.38 0.0
742.53 0.0
742.68 0.0
742.83 0.0
742.98 0.0
743.13 0.0
743.28 0.0
743.43 0.0
743.58 0.0
743.73 0.0
743.88 0.0
744.03 0.0
744.18 0.0
744.33 0.0
744.48 0.0
744.63 0.0
744.78 0.0
744.93 0.0
745.08 0.0
745.23 0.0
745.38 0.0
745.53 0.0
745.68 0.0
745.83 0.0
745.98 0.0
746.13 0.0
746.28 0.0
746.43 0.0