156.48 0.0
156.63 0.0
156.78 0.0
156.93 0.0
157.08 0.0
157.23 0.0
157.38 0.0
157.53 0.0
157.68 0.0
157.83 0.0
157.98 0.0
158.13 0.0
158.28 0.0
158.43 0.0
158.58 0.0
158.73 0.0
158.88 0.0
159.03 0.0
159.18 0.0
159.33 0.0
159.48 0.0
159.63 0.0
159.78 0.0
159.93 0.0
160.08 0.0
160.23 0.0
160.38 0.0
160.53 0.0
160.68 0.0
160.83 0.0
160.98 0.0
161.13 0.0
161.28 0.0
161.43 0.0
161.58 0.0
161.73 0.0
161.88 0.0
162.03 0.0
162.18 0.0
162.33 0.0
162.48 0.0
162.63 0.0
162.78 0.0
162.93 0.0
163.08 0.0
163.23 0.0
163.38 0.0
163.53 0.0
163.68 0.0
163.83 0.0
163.98 0.0
164.13 0.0
164.28 0.0
164.43 0.0
164.58 0.0
164.73 0.0
164.88 0.0
165.03 0.0
165.18 0.0
165.33 0.0
165.48 0.0
165.63 0.0
165.78 0.0
165.93 0.0
166.08 0.0
166.23 0.0
166.38 0.0
166.53 0.0
166.68 0.0
166.83 0.0
166.98 0.0
167.13 0.0
167.28 0.0
167.43 0.0
167.58 0.0
167.73 0.0
167.88 0.0
168.03 0.0
168.18 0.0
168.33 0.0
168.48 0.0
168.63 0.0
168.78 0.0
168.93 0.0
169.08 0.0
169.23 0.0
169.38 0.0
169.53 0.0
169.68 0.0
169.83 0.0
169.98 0.0
170.13 0.0
170.28 0.0
170.43 0.0
170.58 0.0
170.73 0.0
170.88 0.0
171.03 0.0
171.18 0.0
171.33 0.0
171.48 0.0
171.63 0.0
171.78 0.0
171.93 0.0
172.08 0.0
172.23 0.0
172.38 0.0
172.53 0.0
172.68 0.0
172.83 0.0
172.98 0.0
173.13 0.0
173.28 0.0
173.43 0.0
173.58 0.0
173.73 0.0
173.88 0.0
174.03 0.0
174.18 0.0
174.33 0.0
174.48 0.0
174.63 0.0
174.78 0.0
174.93 0.0
175.08 0.0
175.23 0.0
175.38 0.0
175.53 0.0
175.68 0.0
175.83 0.0
175.98 0.0
176.13 0.0
176.28 0.0
176.43 0.0
176.58 0.0
176.73 0.0
176.88 0.0
177.03 0.0
177.18 0.0
177.33 0.0
177.48 0.0
177.63 0.0
177.78 0.0
177.93 0.0
178.08 0.0
178.23 0.0
178.38 0.0
178.53 0.0
178.68 0.0
178.83 0.0
178.98 0.0
179.13 19839.3
179.28 19839.3
179.43 59517.9
179.58 119035.8
179.73 238071.6
179.88 476143.2
180.03 932447.2
180.18 1765697.8
180.33 3253645.5
180.48 5832754.7
180.63 10197401.1
180.78 17299871.0
180.93 28568594.4
181.08 45868465.4
181.23 71560361.1
181.38 108421783.6
181.53 159388949.5
181.68 227140164.7
181.83 313262573.2
181.98 417478424.8
182.13 536434877.5
182.28 663049300.7
182.43 786370399.8
182.58 892510663.6
182.73 967622259.7
182.88 1000000000.0
183.03 985160202.4
183.18 924729689.5
183.33 828707469.5
183.48 709989088.4
183.63 583116754.3
183.78 460311477.0
183.93 349925602.6
184.08 257018153.0
184.23 182422378.7
184.38 125602618.8
184.53 83721853.0
184.68 54320007.9
184.83 34123598.8
184.98 20910623.9
185.13 12419402.8
185.28 7221505.8
185.43 4027378.2
185.58 2202162.5
185.73 1190358.1
185.88 615018.4
186.03 297589.5
186.18 138875.1
186.33 79357.2
186.48 39678.6
186.63 19839.3
186.78 0.0
186.93 0.0
187.08 0.0
187.23 0.0
187.38 0.0
187.53 0.0
187.68 0.0
187.83 0.0
187.98 0.0
188.13 0.0
188.28 0.0
188.43 0.0
188.58 0.0
188.73 0.0
188.88 0.0
189.03 0.0
189.18 0.0
189.33 0.0
189.48 0.0
189.63 0.0
189.78 0.0
189.93 0.0
190.08 0.0
190.23 0.0
190.38 0.0
190.53 0.0
190.68 0.0
190.83 0.0
190.98 0.0
191.13 0.0
191.28 0.0
191.43 0.0
191.58 0.0
191.73 0.0
191.88 0.0
192.03 0.0
192.18 0.0
192.33 0.0
192.48 0.0
192.63 0.0
192.78 0.0
192.93 0.0
193.08 0.0
193.23 0.0
193.38 0.0
193.53 0.0
193.68 0.0
193.83 0.0
193.98 0.0
194.13 0.0
194.28 0.0
194.43 0.0
194.58 0.0
194.73 0.0
194.88 0.0
195.03 0.0
195.18 0.0
195.33 0.0
195.48 0.0
195.63 0.0
195.78 0.0
195.93 0.0
196.08 0.0
196.23 0.0
196.38 0.0
196.53 0.0
196.68 0.0
196.83 0.0
196.98 0.0
197.13 0.0
197.28 0.0
197.43 0.0
197.58 0.0
197.73 0.0
197.88 0.0
198.03 0.0
198.18 0.0
198.33 0.0
198.48 0.0
198.63 0.0
198.78 0.0
198.93 0.0
199.08 0.0
199.23 0.0
199.38 0.0
199.53 0.0
199.68 0.0
199.83 0.0
199.98 0.0
200.13 0.0
200.28 0.0
200.43 0.0
200.58 0.0
200.73 0.0
200.88 0.0
201.03 0.0
201.18 0.0
201.33 0.0
201.48 0.0
201.63 0.0
201.78 0.0
201.93 0.0
202.08 0.0
202.23 0.0
202.38 0.0
202.53 0.0
202.68 0.0
202.83 0.0
202.98 0.0
203.13 0.0
203.28 0.0
203.43 0.0
203.58 0.0
203.73 0.0
203.88 0.0
204.03 0.0
204.18 0.0
204.33 0.0
204.48 0.0
204.63 0.0
204.78 0.0
204.93 0.0
205.08 0.0
205.23 0.0
205.38 0.0
205.53 0.0
205.68 0.0
205.83 0.0
205.98 0.0
206.13 0.0
206.28 0.0
206.43 0.0