1296.48 0.0
1296.63 0.0
1296.78 0.0
1296.93 0.0
1297.08 0.0
1297.23 0.0
1297.38 0.0
1297.53 0.0
1297.68 0.0
1297.83 0.0
1297.98 0.0
1298.13 0.0
1298.28 0.0
1298.43 0.0
1298.58 0.0
1298.73 0.0
1298.88 0.0
1299.03 0.0
1299.18 0.0
1299.33 0.0
1299.48 0.0
1299.63 0.0
1299.78 0.0
1299.93 0.0
1300.08 0.0
1300.23 0.0
1300.38 0.0
1300.53 0.0
1300.68 0.0
1300.83 0.0
1300.98 0.0
1301.13 0.0
1301.28 0.0
1301.43 0.0
1301.58 0.0
1301.73 0.0
1301.88 0.0
1302.03 0.0
1302.18 0.0
1302.33 0.0
1302.48 0.0
1302.63 0.0
1302.78 0.0
1302.93 0.0
1303.08 0.0
1303.23 0.0
1303.38 0.0
1303.53 0.0
1303.68 0.0
1303.83 0.0
1303.98 0.0
1304.13 0.0
1304.28 0.0
1304.43 0.0
1304.58 0.0
1304.73 0.0
1304.88 0.0
1305.03 0.0
1305.18 0.0
1305.33 0.0
1305.48 0.0
1305.63 0.0
1305.78 0.0
1305.93 0.0
1306.08 0.0
1306.23 0.0
1306.38 0.0
1306.53 0.0
1306.68 0.0
1306.83 0.0
1306.98 0.0
1307.13 0.0
1307.28 0.0
1307.43 0.0
1307.58 0.0
1307.73 0.0
1307.88 0.0
1308.03 0.0
1308.18 0.0
1308.33 0.0
1308.48 0.0
1308.63 0.0
1308.78 0.0
1308.93 0.0
1309.08 0.0
1309.23 0.0
1309.38 0.0
1309.53 0.0
1309.68 0.0
1309.83 0.0
1309.98 0.0
1310.13 0.0
1310.28 0.0
1310.43 0.0
1310.58 0.0
1310.73 0.0
1310.88 0.0
1311.03 0.0
1311.18 0.0
1311.33 0.0
1311.48 0.0
1311.63 0.0
1311.78 0.0
1311.93 0.0
1312.08 0.0
1312.23 0.0
1312.38 0.0
1312.53 0.0
1312.68 0.0
1312.83 0.0
1312.98 0.0
1313.13 0.0
1313.28 0.0
1313.43 0.0
1313.58 0.0
1313.73 0.0
1313.88 0.0
1314.03 0.0
1314.18 0.0
1314.33 0.0
1314.48 0.0
1314.63 0.0
1314.78 0.0
1314.93 0.0
1315.08 0.0
1315.23 0.0
1315.38 0.0
1315.53 0.0
1315.68 0.0
1315.83 0.0
1315.98 0.0
1316.13 0.0
1316.28 0.0
1316.43 0.0
1316.58 0.0
1316.73 0.0
1316.88 0.0
1317.03 0.0
1317.18 0.0
1317.33 0.0
1317.48 0.0
1317.63 0.0
1317.78 0.0
1317.93 0.0
1318.08 0.0
1318.23 0.0
1318.38 0.0
1318.53 0.0
1318.68 0.0
1318.83 0.0
1318.98 0.0
1319.13 0.0
1319.28 0.0
1319.43 0.0
1319.58 0.0
1319.73 0.0
1319.88 0.0
1320.03 0.0
1320.18 0.0
1320.33 0.0
1320.48 0.0
1320.63 0.0
1320.78 0.0
1320.93 0.0
1321.08 0.0
1321.23 0.0
1321.38 0.0
1321.53 0.0
1321.68 0.0
1321.83 0.0
1321.98 0.0
1322.13 0.0
1322.28 0.0
1322.43 0.0
1322.58 0.0
1322.73 0.0
1322.88 0.0
1323.03 0.0
1323.18 0.0
1323.33 0.0
1323.48 0.0
1323.63 0.0
1323.78 0.0
1323.93 0.0
1324.08 0.0
1324.23 0.0
1324.38 0.0
1324.53 0.0
1324.68 0.0
1324.83 0.0
1324.98 0.0
1325.13 0.0
1325.28 0.0
1325.43 0.0
1325.58 0.0
1325.73 0.0
1325.88 0.0
1326.03 0.0
1326.18 0.0
1326.33 0.0
1326.48 0.0
1326.63 0.0
1326.78 0.0
1326.93 0.0
1327.08 0.0
1327.23 0.0
1327.38 0.0
1327.53 0.0
1327.68 0.0
1327.83 0.0
1327.98 0.0
1328.13 0.0
1328.28 0.0
1328.43 0.0
1328.58 0.0
1328.73 0.0
1328.88 0.0
1329.03 0.0
1329.18 0.0
1329.33 0.0
1329.48 0.0
1329.63 0.0
1329.78 0.0
1329.93 0.0
1330.08 0.0
1330.23 0.0
1330.38 0.0
1330.53 0.0
1330.68 0.0
1330.83 0.0
1330.98 0.0
1331.13 0.0
1331.28 0.0
1331.43 0.0
1331.58 0.0
1331.73 0.0
1331.88 0.0
1332.03 0.0
1332.18 0.0
1332.33 0.0
1332.48 0.0
1332.63 0.0
1332.78 0.0
1332.93 0.0
1333.08 0.0
1333.23 0.0
1333.38 0.0
1333.53 0.0
1333.68 0.0
1333.83 0.0
1333.98 0.0
1334.13 0.0
1334.28 0.0
1334.43 0.0
1334.58 0.0
1334.73 0.0
1334.88 0.0
1335.03 0.0
1335.18 0.0
1335.33 0.0
1335.48 0.0
1335.63 0.0
1335.78 0.0
1335.93 0.0
1336.08 0.0
1336.23 0.0
1336.38 0.0
1336.53 0.0
1336.68 0.0
1336.83 0.0
1336.98 0.0
1337.13 0.0
1337.28 0.0
1337.43 0.0
1337.58 0.0
1337.73 0.0
1337.88 0.0
1338.03 0.0
1338.18 0.0
1338.33 0.0
1338.48 0.0
1338.63 0.0
1338.78 0.0
1338.93 0.0
1339.08 0.0
1339.23 0.0
1339.38 0.0
1339.53 0.0
1339.68 0.0
1339.83 0.0
1339.98 0.0
1340.13 0.0
1340.28 0.0
1340.43 0.0
1340.58 0.0
1340.73 0.0
1340.88 0.0
1341.03 0.0
1341.18 0.0
1341.33 0.0
1341.48 0.0
1341.63 0.0
1341.78 0.0
1341.93 0.0
1342.08 0.0
1342.23 0.0
1342.38 0.0
1342.53 0.0
1342.68 0.0
1342.83 0.0
1342.98 0.0
1343.13 0.0
1343.28 0.0
1343.43 0.0
1343.58 0.0
1343.73 0.0
1343.88 0.0
1344.03 0.0
1344.18 0.0
1344.33 0.0
1344.48 0.0
1344.63 0.0
1344.78 0.0
1344.93 0.0
1345.08 0.0
1345.23 0.0
1345.38 0.0
1345.53 0.0
1345.68 0.0
1345.83 0.0
1345.98 0.0
1346.13 0.0
1346.28 0.0
1346.43 0.0
1346.58 0.0
1346.73 0.0
1346.88 0.0
1347.03 0.0
1347.18 0.0
1347.33 0.0
1347.48 0.0
1347.63 0.0
1347.78 0.0
1347.93 0.0
1348.08 0.0
1348.23 0.0
1348.38 0.0
1348.53 0.0
1348.68 0.0
1348.83 0.0
1348.98 0.0
1349.13 0.0
1349.28 0.0
1349.43 0.0
1349.58 0.0
1349.73 0.0
1349.88 0.0
1350.03 0.0
1350.18 0.0
1350.33 0.0
1350.48 0.0
1350.63 0.0
1350.78 0.0
1350.93 0.0
1351.08 0.0
1351.23 0.0
1351.38 0.0
1351.53 0.0
1351.68 0.0
1351.83 0.0
1351.98 0.0
1352.13 0.0
1352.28 0.0
1352.43 0.0
1352.58 0.0
1352.73 0.0
1352.88 0.0
1353.03 0.0
1353.18 0.0
1353.33 0.0
1353.48 0.0
1353.63 0.0
1353.78 0.0
1353.93 0.0
1354.08 0.0
1354.23 0.0
1354.38 0.0
1354.53 0.0
1354.68 0.0
1354.83 0.0
1354.98 0.0
1355.13 0.0
1355.28 0.0
1355.43 0.0
1355.58 0.0
1355.73 0.0
1355.88 0.0
1356.03 0.0
1356.18 0.0
1356.33 0.0
1356.48 0.0
1356.63 0.0
1356.78 0.0
1356.93 0.0
1357.08 0.0
1357.23 0.0
1357.38 0.0
1357.53 0.0
1357.68 0.0
1357.83 0.0
1357.98 0.0
1358.13 0.0
1358.28 0.0
1358.43 0.0
1358.58 0.0
1358.73 0.0
1358.88 0.0
1359.03 0.0
1359.18 0.0
1359.33 0.0
1359.48 0.0
1359.63 0.0
1359.78 0.0
1359.93 0.0
1360.08 0.0
1360.23 0.0
1360.38 0.0
1360.53 0.0
1360.68 0.0
1360.83 0.0
1360.98 0.0
1361.13 0.0
1361.28 0.0
1361.43 0.0
1361.58 0.0
1361.73 0.0
1361.88 0.0
1362.03 0.0
1362.18 0.0
1362.33 0.0
1362.48 0.0
1362.63 0.0
1362.78 0.0
1362.93 0.0
1363.08 0.0
1363.23 0.0
1363.38 0.0
1363.53 0.0
1363.68 0.0
1363.83 0.0
1363.98 0.0
1364.13 0.0
1364.28 0.0
1364.43 0.0
1364.58 0.0
1364.73 0.0
1364.88 0.0
1365.03 0.0
1365.18 0.0
1365.33 0.0
1365.48 0.0
1365.63 0.0
1365.78 0.0
1365.93 0.0
1366.08 0.0
1366.23 0.0
1366.38 0.0
1366.53 0.0
1366.68 0.0
1366.83 0.0
1366.98 0.0
1367.13 0.0
1367.28 0.0
1367.43 0.0
1367.58 0.0
1367.73 0.0
1367.88 0.0
1368.03 0.0
1368.18 0.0
1368.33 0.0
1368.48 0.0
1368.63 0.0
1368.78 0.0
1368.93 0.0
1369.08 0.0
1369.23 0.0
1369.38 0.0
1369.53 0.0
1369.68 0.0
1369.83 0.0
1369.98 0.0
1370.13 0.0
1370.28 0.0
1370.43 0.0
1370.58 0.0
1370.73 0.0
1370.88 0.0
1371.03 0.0
1371.18 0.0
1371.33 0.0
1371.48 0.0
1371.63 0.0
1371.78 0.0
1371.93 0.0
1372.08 0.0
1372.23 0.0
1372.38 0.0
1372.53 0.0
1372.68 0.0
1372.83 0.0
1372.98 0.0
1373.13 0.0
1373.28 0.0
1373.43 0.0
1373.58 0.0
1373.73 0.0
1373.88 0.0
1374.03 0.0
1374.18 0.0
1374.33 0.0
1374.48 0.0
1374.63 0.0
1374.78 0.0
1374.93 0.0
1375.08 0.0
1375.23 0.0
1375.38 0.0
1375.53 0.0
1375.68 0.0
1375.83 0.0
1375.98 0.0
1376.13 0.0
1376.28 0.0
1376.43 0.0
1376.58 0.0
1376.73 0.0
1376.88 0.0
1377.03 0.0
1377.18 0.0
1377.33 0.0
1377.48 0.0
1377.63 0.0
1377.78 0.0
1377.93 0.0
1378.08 0.0
1378.23 0.0
1378.38 0.0
1378.53 0.0
1378.68 0.0
1378.83 0.0
1378.98 0.0
1379.13 0.0
1379.28 0.0
1379.43 0.0
1379.58 0.0
1379.73 0.0
1379.88 0.0
1380.03 0.0
1380.18 0.0
1380.33 0.0
1380.48 0.0
1380.63 0.0
1380.78 0.0
1380.93 0.0
1381.08 0.0
1381.23 0.0
1381.38 0.0
1381.53 0.0
1381.68 0.0
1381.83 0.0
1381.98 0.0
1382.13 0.0
1382.28 0.0
1382.43 0.0
1382.58 0.0
1382.73 0.0
1382.88 0.0
1383.03 0.0
1383.18 0.0
1383.33 0.0
1383.48 0.0
1383.63 0.0
1383.78 0.0
1383.93 0.0
1384.08 0.0
1384.23 0.0
1384.38 0.0
1384.53 0.0
1384.68 0.0
1384.83 0.0
1384.98 0.0
1385.13 0.0
1385.28 0.0
1385.43 0.0
1385.58 0.0
1385.73 0.0
1385.88 0.0
1386.03 0.0
1386.18 0.0
1386.33 0.0
1386.48 0.0
1386.63 0.0
1386.78 0.0
1386.93 0.0
1387.08 0.0
1387.23 0.0
1387.38 0.0
1387.53 0.0
1387.68 0.0
1387.83 0.0
1387.98 0.0
1388.13 0.0
1388.28 0.0
1388.43 0.0
1388.58 0.0
1388.73 0.0
1388.88 0.0
1389.03 0.0
1389.18 0.0
1389.33 0.0
1389.48 0.0
1389.63 0.0
1389.78 0.0
1389.93 0.0
1390.08 18312.3
1390.23 0.0
1390.38 0.0
1390.53 0.0
1390.68 18312.3
1390.83 36624.7
1390.98 54937.0
1391.13 73249.3
1391.28 128186.3
1391.43 183123.4
1391.58 292997.4
1391.73 476120.7
1391.88 714181.1
1392.03 1062115.4
1392.18 1593173.2
1392.33 2343978.9
1392.48 3406094.3
1392.63 4944330.5
1392.78 7031936.7
1392.93 9943598.0
1393.08 13880750.1
1393.23 19136390.3
1393.38 26131702.3
1393.53 35361119.2
1393.68 47282449.5
1393.83 62481687.7
1393.98 81618077.9
1394.13 105387489.0
1394.28 134705537.7
1394.43 170066656.9
1394.58 212056841.5
1394.73 261078962.8
1394.88 317297831.8
1395.03 380603574.6
1395.18 450391884.0
1395.33 525289334.9
1395.48 603519630.8
1395.63 682738792.9
1395.78 760071784.4
1395.93 831911075.3
1396.08 894905508.4
1396.23 945703926.2
1396.38 981449604.5
1396.53 1000000000.0
1396.68 999725315.0
1396.83 980826985.1
1396.98 944751684.7
1397.13 893678581.9
1397.28 830482713.2
1397.43 758441986.5
1397.58 681054058.0
1397.73 601834896.0
1397.88 523659537.1
1398.03 448835335.5
1398.18 379175212.4
1398.33 316034280.7
1398.48 259980222.7
1398.63 211086287.7
1398.78 169242601.8
1398.93 133991356.6
1399.08 104856431.3
1399.23 81178581.9
1399.38 62133753.3
1399.53 46989452.1
1399.68 35141371.2
1399.83 25966891.3
1399.98 19026516.3
1400.13 13789188.4
1400.28 9870348.7
1400.43 6995312.0
1400.58 4907705.8
1400.73 3387782.0
1400.88 2325666.6
1401.03 1574860.8
1401.18 1062115.4
1401.33 695868.7
1401.48 457808.4
1401.63 292997.4
1401.78 201435.7
1401.93 128186.3
1402.08 73249.3
1402.23 54937.0
1402.38 36624.7
1402.53 18312.3
1402.68 18312.3
1402.83 0.0
1402.98 0.0
1403.13 0.0
1403.28 18312.3
1403.43 0.0
1403.58 0.0
1403.73 0.0
1403.88 0.0
1404.03 0.0
1404.18 0.0
1404.33 0.0
1404.48 0.0
1404.63 0.0
1404.78 0.0
1404.93 0.0
1405.08 0.0
1405.23 0.0
1405.38 0.0
1405.53 0.0
1405.68 0.0
1405.83 0.0
1405.98 0.0
1406.13 0.0
1406.28 0.0
1406.43 0.0
1406.58 0.0
1406.73 0.0
1406.88 0.0
1407.03 0.0
1407.18 0.0
1407.33 0.0
1407.48 0.0
1407.63 0.0
1407.78 0.0
1407.93 0.0
1408.08 0.0
1408.23 0.0
1408.38 0.0
1408.53 0.0
1408.68 0.0
1408.83 0.0
1408.98 0.0
1409.13 0.0
1409.28 0.0
1409.43 0.0
1409.58 0.0
1409.73 0.0
1409.88 0.0
1410.03 0.0
1410.18 0.0
1410.33 0.0
1410.48 0.0
1410.63 0.0
1410.78 0.0
1410.93 0.0
1411.08 0.0
1411.23 0.0
1411.38 0.0
1411.53 0.0
1411.68 0.0
1411.83 0.0
1411.98 0.0
1412.13 0.0
1412.28 0.0
1412.43 0.0
1412.58 0.0
1412.73 0.0
1412.88 0.0
1413.03 0.0
1413.18 0.0
1413.33 0.0
1413.48 0.0
1413.63 0.0
1413.78 0.0
1413.93 0.0
1414.08 0.0
1414.23 0.0
1414.38 0.0
1414.53 0.0
1414.68 0.0
1414.83 0.0
1414.98 0.0
1415.13 0.0
1415.28 0.0
1415.43 0.0
1415.58 0.0
1415.73 0.0
1415.88 0.0
1416.03 0.0
1416.18 0.0
1416.33 0.0
1416.48 0.0
1416.63 0.0
1416.78 0.0
1416.93 0.0
1417.08 0.0
1417.23 0.0
1417.38 0.0
1417.53 0.0
1417.68 0.0
1417.83 0.0
1417.98 0.0
1418.13 0.0
1418.28 0.0
1418.43 0.0
1418.58 0.0
1418.73 0.0
1418.88 0.0
1419.03 0.0
1419.18 0.0
1419.33 0.0
1419.48 0.0
1419.63 0.0
1419.78 0.0
1419.93 0.0
1420.08 0.0
1420.23 0.0
1420.38 0.0
1420.53 0.0
1420.68 0.0
1420.83 0.0
1420.98 0.0
1421.13 0.0
1421.28 0.0
1421.43 0.0
1421.58 0.0
1421.73 0.0
1421.88 0.0
1422.03 0.0
1422.18 0.0
1422.33 0.0
1422.48 0.0
1422.63 0.0
1422.78 0.0
1422.93 0.0
1423.08 0.0
1423.23 0.0
1423.38 0.0
1423.53 0.0
1423.68 0.0
1423.83 0.0
1423.98 0.0
1424.13 0.0
1424.28 0.0
1424.43 0.0
1424.58 0.0
1424.73 0.0
1424.88 0.0
1425.03 0.0
1425.18 0.0
1425.33 0.0
1425.48 0.0
1425.63 0.0
1425.78 0.0
1425.93 0.0
1426.08 0.0
1426.23 0.0
1426.38 0.0
1426.53 0.0
1426.68 0.0
1426.83 0.0
1426.98 0.0
1427.13 0.0
1427.28 0.0
1427.43 0.0
1427.58 0.0
1427.73 0.0
1427.88 0.0
1428.03 0.0
1428.18 0.0
1428.33 0.0
1428.48 0.0
1428.63 0.0
1428.78 0.0
1428.93 0.0
1429.08 0.0
1429.23 0.0
1429.38 0.0
1429.53 0.0
1429.68 0.0
1429.83 0.0
1429.98 0.0
1430.13 0.0
1430.28 0.0
1430.43 0.0
1430.58 0.0
1430.73 0.0
1430.88 0.0
1431.03 0.0
1431.18 0.0
1431.33 0.0
1431.48 0.0
1431.63 0.0
1431.78 0.0
1431.93 0.0
1432.08 0.0
1432.23 0.0
1432.38 0.0
1432.53 0.0
1432.68 0.0
1432.83 0.0
1432.98 0.0
1433.13 0.0
1433.28 0.0
1433.43 0.0
1433.58 0.0
1433.73 0.0
1433.88 0.0
1434.03 0.0
1434.18 0.0
1434.33 0.0
1434.48 0.0
1434.63 0.0
1434.78 0.0
1434.93 0.0
1435.08 0.0
1435.23 0.0
1435.38 0.0
1435.53 0.0
1435.68 0.0
1435.83 0.0
1435.98 0.0
1436.13 0.0
1436.28 0.0
1436.43 0.0
1436.58 0.0
1436.73 0.0
1436.88 0.0
1437.03 0.0
1437.18 0.0
1437.33 0.0
1437.48 0.0
1437.63 0.0
1437.78 0.0
1437.93 0.0
1438.08 0.0
1438.23 0.0
1438.38 0.0
1438.53 0.0
1438.68 0.0
1438.83 0.0
1438.98 0.0
1439.13 0.0
1439.28 0.0
1439.43 0.0
1439.58 0.0
1439.73 0.0
1439.88 0.0
1440.03 0.0
1440.18 0.0
1440.33 0.0
1440.48 0.0
1440.63 0.0
1440.78 0.0
1440.93 0.0
1441.08 0.0
1441.23 0.0
1441.38 0.0
1441.53 0.0
1441.68 0.0
1441.83 0.0
1441.98 0.0
1442.13 0.0
1442.28 0.0
1442.43 0.0
1442.58 0.0
1442.73 0.0
1442.88 0.0
1443.03 0.0
1443.18 0.0
1443.33 0.0
1443.48 0.0
1443.63 0.0
1443.78 0.0
1443.93 0.0
1444.08 0.0
1444.23 0.0
1444.38 0.0
1444.53 0.0
1444.68 0.0
1444.83 0.0
1444.98 0.0
1445.13 0.0
1445.28 0.0
1445.43 0.0
1445.58 0.0
1445.73 0.0
1445.88 0.0
1446.03 0.0
1446.18 0.0
1446.33 0.0
1446.48 0.0