886.48 0.0
886.63 0.0
886.78 0.0
886.93 0.0
887.08 0.0
887.23 0.0
887.38 0.0
887.53 0.0
887.68 0.0
887.83 0.0
887.98 0.0
888.13 0.0
888.28 0.0
888.43 0.0
888.58 0.0
888.73 0.0
888.88 0.0
889.03 0.0
889.18 0.0
889.33 0.0
889.48 0.0
889.63 0.0
889.78 0.0
889.93 0.0
890.08 0.0
890.23 0.0
890.38 0.0
890.53 0.0
890.68 0.0
890.83 0.0
890.98 0.0
891.13 0.0
891.28 0.0
891.43 0.0
891.58 0.0
891.73 0.0
891.88 0.0
892.03 0.0
892.18 0.0
892.33 0.0
892.48 0.0
892.63 0.0
892.78 0.0
892.93 0.0
893.08 0.0
893.23 0.0
893.38 0.0
893.53 0.0
893.68 0.0
893.83 0.0
893.98 0.0
894.13 0.0
894.28 0.0
894.43 0.0
894.58 0.0
894.73 0.0
894.88 0.0
895.03 0.0
895.18 0.0
895.33 0.0
895.48 0.0
895.63 0.0
895.78 0.0
895.93 0.0
896.08 0.0
896.23 0.0
896.38 0.0
896.53 0.0
896.68 0.0
896.83 0.0
896.98 0.0
897.13 0.0
897.28 0.0
897.43 0.0
897.58 0.0
897.73 0.0
897.88 0.0
898.03 0.0
898.18 0.0
898.33 0.0
898.48 0.0
898.63 0.0
898.78 0.0
898.93 0.0
899.08 0.0
899.23 0.0
899.38 0.0
899.53 0.0
899.68 0.0
899.83 0.0
899.98 0.0
900.13 0.0
900.28 0.0
900.43 0.0
900.58 0.0
900.73 0.0
900.88 0.0
901.03 0.0
901.18 0.0
901.33 0.0
901.48 0.0
901.63 0.0
901.78 0.0
901.93 0.0
902.08 0.0
902.23 0.0
902.38 0.0
902.53 0.0
902.68 0.0
902.83 0.0
902.98 0.0
903.13 0.0
903.28 0.0
903.43 0.0
903.58 0.0
903.73 0.0
903.88 0.0
904.03 0.0
904.18 0.0
904.33 0.0
904.48 0.0
904.63 0.0
904.78 0.0
904.93 0.0
905.08 0.0
905.23 0.0
905.38 0.0
905.53 0.0
905.68 0.0
905.83 0.0
905.98 0.0
906.13 0.0
906.28 0.0
906.43 0.0
906.58 0.0
906.73 0.0
906.88 0.0
907.03 0.0
907.18 0.0
907.33 0.0
907.48 0.0
907.63 0.0
907.78 0.0
907.93 0.0
908.08 0.0
908.23 0.0
908.38 0.0
908.53 0.0
908.68 0.0
908.83 0.0
908.98 0.0
909.13 0.0
909.28 0.0
909.43 0.0
909.58 0.0
909.73 0.0
909.88 0.0
910.03 0.0
910.18 0.0
910.33 0.0
910.48 0.0
910.63 0.0
910.78 0.0
910.93 0.0
911.08 0.0
911.23 0.0
911.38 0.0
911.53 0.0
911.68 0.0
911.83 0.0
911.98 0.0
912.13 0.0
912.28 0.0
912.43 0.0
912.58 0.0
912.73 0.0
912.88 0.0
913.03 0.0
913.18 0.0
913.33 0.0
913.48 0.0
913.63 0.0
913.78 0.0
913.93 0.0
914.08 0.0
914.23 0.0
914.38 0.0
914.53 0.0
914.68 0.0
914.83 0.0
914.98 0.0
915.13 0.0
915.28 0.0
915.43 0.0
915.58 0.0
915.73 0.0
915.88 0.0
916.03 0.0
916.18 0.0
916.33 0.0
916.48 0.0
916.63 0.0
916.78 0.0
916.93 0.0
917.08 0.0
917.23 0.0
917.38 0.0
917.53 0.0
917.68 0.0
917.83 0.0
917.98 0.0
918.13 0.0
918.28 0.0
918.43 0.0
918.58 0.0
918.73 0.0
918.88 0.0
919.03 0.0
919.18 0.0
919.33 0.0
919.48 0.0
919.63 0.0
919.78 0.0
919.93 0.0
920.08 0.0
920.23 0.0
920.38 0.0
920.53 0.0
920.68 0.0
920.83 0.0
920.98 0.0
921.13 0.0
921.28 0.0
921.43 0.0
921.58 0.0
921.73 0.0
921.88 0.0
922.03 0.0
922.18 0.0
922.33 0.0
922.48 0.0
922.63 0.0
922.78 0.0
922.93 0.0
923.08 0.0
923.23 0.0
923.38 0.0
923.53 0.0
923.68 0.0
923.83 0.0
923.98 0.0
924.13 0.0
924.28 0.0
924.43 0.0
924.58 0.0
924.73 0.0
924.88 0.0
925.03 0.0
925.18 0.0
925.33 0.0
925.48 0.0
925.63 0.0
925.78 0.0
925.93 0.0
926.08 0.0
926.23 0.0
926.38 0.0
926.53 0.0
926.68 0.0
926.83 0.0
926.98 0.0
927.13 0.0
927.28 0.0
927.43 0.0
927.58 0.0
927.73 0.0
927.88 0.0
928.03 0.0
928.18 0.0
928.33 0.0
928.48 0.0
928.63 0.0
928.78 0.0
928.93 0.0
929.08 0.0
929.23 0.0
929.38 0.0
929.53 0.0
929.68 0.0
929.83 0.0
929.98 0.0
930.13 0.0
930.28 0.0
930.43 0.0
930.58 0.0
930.73 0.0
930.88 0.0
931.03 0.0
931.18 0.0
931.33 0.0
931.48 0.0
931.63 0.0
931.78 0.0
931.93 0.0
932.08 0.0
932.23 0.0
932.38 0.0
932.53 0.0
932.68 0.0
932.83 0.0
932.98 0.0
933.13 0.0
933.28 0.0
933.43 0.0
933.58 0.0
933.73 0.0
933.88 0.0
934.03 0.0
934.18 0.0
934.33 0.0
934.48 0.0
934.63 0.0
934.78 0.0
934.93 0.0
935.08 0.0
935.23 0.0
935.38 0.0
935.53 0.0
935.68 0.0
935.83 0.0
935.98 0.0
936.13 0.0
936.28 0.0
936.43 0.0
936.58 0.0
936.73 0.0
936.88 0.0
937.03 0.0
937.18 0.0
937.33 0.0
937.48 0.0
937.63 0.0
937.78 0.0
937.93 0.0
938.08 0.0
938.23 0.0
938.38 0.0
938.53 0.0
938.68 0.0
938.83 0.0
938.98 0.0
939.13 0.0
939.28 0.0
939.43 0.0
939.58 0.0
939.73 0.0
939.88 0.0
940.03 0.0
940.18 0.0
940.33 0.0
940.48 0.0
940.63 0.0
940.78 0.0
940.93 0.0
941.08 0.0
941.23 0.0
941.38 0.0
941.53 0.0
941.68 0.0
941.83 0.0
941.98 0.0
942.13 0.0
942.28 0.0
942.43 0.0
942.58 0.0
942.73 0.0
942.88 0.0
943.03 0.0
943.18 0.0
943.33 0.0
943.48 0.0
943.63 0.0
943.78 0.0
943.93 0.0
944.08 0.0
944.23 0.0
944.38 0.0
944.53 0.0
944.68 0.0
944.83 0.0
944.98 0.0
945.13 0.0
945.28 0.0
945.43 0.0
945.58 0.0
945.73 0.0
945.88 0.0
946.03 0.0
946.18 0.0
946.33 0.0
946.48 0.0
946.63 0.0
946.78 0.0
946.93 0.0
947.08 0.0
947.23 0.0
947.38 0.0
947.53 0.0
947.68 0.0
947.83 0.0
947.98 0.0
948.13 0.0
948.28 0.0
948.43 0.0
948.58 0.0
948.73 0.0
948.88 0.0
949.03 0.0
949.18 0.0
949.33 0.0
949.48 11106.5
949.63 11106.5
949.78 44426.2
949.93 77745.8
950.08 144385.1
950.23 288770.2
950.38 533114.2
950.53 966269.4
950.68 1721514.5
950.83 3009873.7
950.98 5153436.9
951.13 8596465.9
951.28 13983140.3
951.43 22268622.9
951.58 34707953.4
951.73 52833835.0
951.88 78489954.1
952.03 113808767.5
952.18 160933838.3
952.33 221842131.6
952.48 297988604.7
952.63 389106700.6
952.78 493297200.0
952.93 606173017.8
953.08 720814776.1
953.23 827726379.2
953.38 916112265.0
953.53 976020969.2
953.68 1000000000.0
953.83 984917311.8
953.98 932716549.9
954.13 849561846.8
954.28 745815609.1
954.43 632095694.0
954.58 518098115.2
954.73 411408643.1
954.88 317114075.3
955.03 237713384.5
955.18 173462021.2
955.33 123315970.1
955.48 85475971.0
955.63 57787354.1
955.78 38206515.1
955.93 24689849.7
956.08 15582482.8
956.23 9607161.5
956.38 5786510.0
956.53 3409709.3
956.68 1965858.5
956.83 1110654.5
956.98 610860.0
957.13 322089.8
957.28 166598.2
957.43 88852.4
957.58 44426.2
957.73 22213.1
957.88 11106.5
958.03 11106.5
958.18 11106.5
958.33 0.0
958.48 0.0
958.63 0.0
958.78 0.0
958.93 0.0
959.08 0.0
959.23 0.0
959.38 0.0
959.53 0.0
959.68 0.0
959.83 0.0
959.98 0.0
960.13 0.0
960.28 0.0
960.43 0.0
960.58 0.0
960.73 0.0
960.88 0.0
961.03 0.0
961.18 0.0
961.33 0.0
961.48 0.0
961.63 0.0
961.78 0.0
961.93 0.0
962.08 0.0
962.23 0.0
962.38 0.0
962.53 0.0
962.68 0.0
962.83 0.0
962.98 0.0
963.13 0.0
963.28 0.0
963.43 0.0
963.58 0.0
963.73 0.0
963.88 0.0
964.03 0.0
964.18 0.0
964.33 0.0
964.48 0.0
964.63 0.0
964.78 0.0
964.93 0.0
965.08 0.0
965.23 0.0
965.38 0.0
965.53 0.0
965.68 0.0
965.83 0.0
965.98 0.0
966.13 0.0
966.28 0.0
966.43 0.0
966.58 0.0
966.73 0.0
966.88 0.0
967.03 0.0
967.18 0.0
967.33 0.0
967.48 0.0
967.63 0.0
967.78 0.0
967.93 0.0
968.08 0.0
968.23 0.0
968.38 0.0
968.53 0.0
968.68 0.0
968.83 0.0
968.98 0.0
969.13 0.0
969.28 0.0
969.43 0.0
969.58 0.0
969.73 0.0
969.88 0.0
970.03 0.0
970.18 0.0
970.33 0.0
970.48 0.0
970.63 0.0
970.78 0.0
970.93 0.0
971.08 0.0
971.23 0.0
971.38 0.0
971.53 0.0
971.68 0.0
971.83 0.0
971.98 0.0
972.13 0.0
972.28 0.0
972.43 0.0
972.58 0.0
972.73 0.0
972.88 0.0
973.03 0.0
973.18 0.0
973.33 0.0
973.48 0.0
973.63 0.0
973.78 0.0
973.93 0.0
974.08 0.0
974.23 0.0
974.38 0.0
974.53 0.0
974.68 0.0
974.83 0.0
974.98 0.0
975.13 0.0
975.28 0.0
975.43 0.0
975.58 0.0
975.73 0.0
975.88 0.0
976.03 0.0
976.18 0.0
976.33 0.0
976.48 0.0