1296.6 1.20000000001164
1296.75 1.19999999999709
1296.9 1.30000000000291
1297.05 1.20000000001164
1297.2 1.30000000000291
1297.35 1.19999999999709
1297.5 1.29999999998836
1297.65 1.19999999999709
1297.8 1.19999999999709
1297.95 1.30000000000291
1298.1 1.19999999999709
1298.25 1.20000000001164
1298.4 1.30000000000291
1298.55 1.19999999999709
1298.7 1.30000000000291
1298.85 1.30000000000291
1299 1.29999999998836
1299.15 1.30000000000291
1299.3 1.30000000000291
1299.45 1.29999999998836
1299.6 1.30000000000291
1299.75 1.30000000000291
1299.9 1.30000000000291
1300.05 1.30000000000291
1300.2 1.29999999998836
1300.35 1.39999999999418
1300.5 1.30000000000291
1300.65 1.29999999998836
1300.8 1.30000000000291
1300.95 1.30000000000291
1301.1 1.40000000000873
1301.25 1.39999999999418
1301.4 1.39999999999418
1301.55 1.30000000000291
1301.7 1.30000000000291
1301.85 1.30000000000291
1302 1.30000000000291
1302.15 1.30000000000291
1302.3 1.39999999999418
1302.45 1.30000000000291
1302.6 1.39999999999418
1302.75 1.39999999999418
1302.9 1.39999999999418
1303.05 1.5
1303.2 1.40000000000873
1303.35 1.40000000000873
1303.5 1.40000000000873
1303.65 1.39999999999418
1303.8 1.5
1303.95 1.39999999999418
1304.1 1.5
1304.25 1.40000000000873
1304.4 1.5
1304.55 1.5
1304.7 1.5
1304.85 1.39999999999418
1305 1.5
1305.15 1.5
1305.3 1.40000000000873
1305.45 1.5
1305.6 1.5
1305.75 1.5
1305.9 1.60000000000582
1306.05 1.5
1306.2 1.5
1306.35 1.5
1306.5 1.5
1306.65 1.5
1306.8 1.60000000000582
1306.95 1.60000000000582
1307.1 1.59999999999127
1307.25 1.59999999999127
1307.4 1.59999999999127
1307.55 1.59999999999127
1307.7 1.59999999999127
1307.85 1.59999999999127
1308 1.60000000000582
1308.15 1.60000000000582
1308.3 1.60000000000582
1308.45 1.60000000000582
1308.6 1.59999999999127
1308.75 1.70000000001164
1308.9 1.59999999999127
1309.05 1.59999999999127
1309.2 1.69999999999709
1309.35 1.59999999999127
1309.5 1.69999999999709
1309.65 1.59999999999127
1309.8 1.69999999999709
1309.95 1.70000000001164
1310.1 1.69999999999709
1310.25 1.69999999999709
1310.4 1.69999999999709
1310.55 1.69999999999709
1310.7 1.69999999999709
1310.85 1.69999999999709
1311 1.69999999999709
1311.15 1.69999999999709
1311.3 1.69999999999709
1311.45 1.80000000000291
1311.6 1.70000000001164
1311.75 1.69999999999709
1311.9 1.69999999999709
1312.05 1.80000000000291
1312.2 1.80000000000291
1312.35 1.80000000000291
1312.5 1.80000000000291
1312.65 1.80000000000291
1312.8 1.80000000000291
1312.95 1.79999999998836
1313.1 1.89999999999418
1313.25 1.80000000000291
1313.4 1.79999999998836
1313.55 1.89999999999418
1313.7 1.80000000000291
1313.85 1.89999999999418
1314 1.90000000000873
1314.15 1.89999999999418
1314.3 1.89999999999418
1314.45 1.89999999999418
1314.6 1.89999999999418
1314.75 1.90000000000873
1314.9 1.90000000000873
1315.05 1.89999999999418
1315.2 2
1315.35 1.89999999999418
1315.5 2
1315.65 2
1315.8 2
1315.95 2
1316.1 2
1316.25 1.89999999999418
1316.4 2
1316.55 2
1316.7 2
1316.85 2.09999999999127
1317 2
1317.15 2
1317.3 2
1317.45 2
1317.6 2.10000000000582
1317.75 2.09999999999127
1317.9 2.10000000000582
1318.05 2.09999999999127
1318.2 2.09999999999127
1318.35 2.19999999999709
1318.5 2.09999999999127
1318.65 2.09999999999127
1318.8 2.10000000000582
1318.95 2.09999999999127
1319.1 2.10000000000582
1319.25 2.10000000000582
1319.4 2.20000000001164
1319.55 2.20000000001164
1319.7 2.10000000000582
1319.85 2.19999999999709
1320 2.19999999999709
1320.15 2.19999999999709
1320.3 2.19999999999709
1320.45 2.20000000001164
1320.6 2.20000000001164
1320.75 2.30000000000291
1320.9 2.30000000000291
1321.05 2.19999999999709
1321.2 2.29999999998836
1321.35 2.30000000000291
1321.5 2.30000000000291
1321.65 2.30000000000291
1321.8 2.30000000000291
1321.95 2.29999999998836
1322.1 2.30000000000291
1322.25 2.29999999998836
1322.4 2.40000000000873
1322.55 2.39999999999418
1322.7 2.39999999999418
1322.85 2.39999999999418
1323 2.39999999999418
1323.15 2.40000000000873
1323.3 2.39999999999418
1323.45 2.40000000000873
1323.6 2.40000000000873
1323.75 2.5
1323.9 2.5
1324.05 2.5
1324.2 2.5
1324.35 2.5
1324.5 2.5
1324.65 2.5
1324.8 2.59999999999127
1324.95 2.60000000000582
1325.1 2.59999999999127
1325.25 2.60000000000582
1325.4 2.59999999999127
1325.55 2.69999999999709
1325.7 2.59999999999127
1325.85 2.69999999999709
1326 2.60000000000582
1326.15 2.69999999999709
1326.3 2.69999999999709
1326.45 2.60000000000582
1326.6 2.69999999999709
1326.75 2.70000000001164
1326.9 2.70000000001164
1327.05 2.69999999999709
1327.2 2.79999999998836
1327.35 2.79999999998836
1327.5 2.70000000001164
1327.65 2.80000000000291
1327.8 2.80000000000291
1327.95 2.79999999998836
1328.1 2.80000000000291
1328.25 2.80000000000291
1328.4 2.90000000000873
1328.55 2.80000000000291
1328.7 2.89999999999418
1328.85 2.79999999998836
1329 2.90000000000873
1329.15 2.89999999999418
1329.3 2.90000000000873
1329.45 2.89999999999418
1329.6 3
1329.75 3
1329.9 3
1330.05 3
1330.2 3
1330.35 3
1330.5 3.10000000000582
1330.65 3.09999999999127
1330.8 3.10000000000582
1330.95 3.10000000000582
1331.1 3.09999999999127
1331.25 3.19999999999709
1331.4 3.09999999999127
1331.55 3.10000000000582
1331.7 3.20000000001164
1331.85 3.19999999999709
1332 3.19999999999709
1332.15 3.30000000000291
1332.3 3.19999999999709
1332.45 3.30000000000291
1332.6 3.30000000000291
1332.75 3.30000000000291
1332.9 3.30000000000291
1333.05 3.30000000000291
1333.2 3.30000000000291
1333.35 3.29999999998836
1333.5 3.40000000000873
1333.65 3.39999999999418
1333.8 3.39999999999418
1333.95 3.5
1334.1 3.39999999999418
1334.25 3.5
1334.4 3.5
1334.55 3.5
1334.7 3.60000000000582
1334.85 3.5
1335 3.60000000000582
1335.15 3.60000000000582
1335.3 3.59999999999127
1335.45 3.69999999999709
1335.6 3.69999999999709
1335.75 3.70000000001164
1335.9 3.69999999999709
1336.05 3.69999999999709
1336.2 3.69999999999709
1336.35 3.80000000000291
1336.5 3.80000000000291
1336.65 3.79999999998836
1336.8 3.80000000000291
1336.95 3.80000000000291
1337.1 3.90000000000873
1337.25 3.89999999999418
1337.4 3.89999999999418
1337.55 4
1337.7 3.89999999999418
1337.85 3.90000000000873
1338 3.90000000000873
1338.15 4
1338.3 4.10000000000582
1338.45 4
1338.6 4
1338.75 4.09999999999127
1338.9 4.10000000000582
1339.05 4.10000000000582
1339.2 4.20000000001164
1339.35 4.10000000000582
1339.5 4.19999999999709
1339.65 4.19999999999709
1339.8 4.19999999999709
1339.95 4.30000000000291
1340.1 4.30000000000291
1340.25 4.40000000000873
1340.4 4.39999999999418
1340.55 4.39999999999418
1340.7 4.40000000000873
1340.85 4.40000000000873
1341 4.39999999999418
1341.15 4.5
1341.3 4.59999999999127
1341.45 4.5
1341.6 4.5
1341.75 4.59999999999127
1341.9 4.60000000000582
1342.05 4.69999999999709
1342.2 4.69999999999709
1342.35 4.69999999999709
1342.5 4.69999999999709
1342.65 4.80000000000291
1342.8 4.69999999999709
1342.95 4.79999999998836
1343.1 4.80000000000291
1343.25 4.89999999999418
1343.4 4.89999999999418
1343.55 4.90000000000873
1343.7 4.90000000000873
1343.85 5
1344 5.09999999999127
1344.15 5
1344.3 5.10000000000582
1344.45 5.09999999999127
1344.6 5.19999999999709
1344.75 5.19999999999709
1344.9 5.20000000001164
1345.05 5.30000000000291
1345.2 5.29999999998836
1345.35 5.30000000000291
1345.5 5.30000000000291
1345.65 5.39999999999418
1345.8 5.39999999999418
1345.95 5.5
1346.1 5.5
1346.25 5.5
1346.4 5.5
1346.55 5.60000000000582
1346.7 5.60000000000582
1346.85 5.69999999999709
1347 5.69999999999709
1347.15 5.70000000001164
1347.3 5.80000000000291
1347.45 5.80000000000291
1347.6 5.80000000000291
1347.75 5.89999999999418
1347.9 6
1348.05 5.89999999999418
1348.2 6
1348.35 6
1348.5 6.10000000000582
1348.65 6.09999999999127
1348.8 6.09999999999127
1348.95 6.19999999999709
1349.1 6.19999999999709
1349.25 6.29999999998836
1349.4 6.40000000000873
1349.55 6.39999999999418
1349.7 6.40000000000873
1349.85 6.39999999999418
1350 6.5
1350.15 6.5
1350.3 6.60000000000582
1350.45 6.60000000000582
1350.6 6.69999999999709
1350.75 6.69999999999709
1350.9 6.80000000000291
1351.05 6.89999999999418
1351.2 6.90000000000873
1351.35 7
1351.5 7
1351.65 7
1351.8 7.10000000000582
1351.95 7.19999999999709
1352.1 7.19999999999709
1352.25 7.19999999999709
1352.4 7.29999999998836
1352.55 7.39999999999418
1352.7 7.40000000000873
1352.85 7.39999999999418
1353 7.5
1353.15 7.59999999999127
1353.3 7.59999999999127
1353.45 7.60000000000582
1353.6 7.69999999999709
1353.75 7.80000000000291
1353.9 7.80000000000291
1354.05 7.89999999999418
1354.2 8
1354.35 8
1354.5 8.10000000000582
1354.65 8.10000000000582
1354.8 8.19999999999709
1354.95 8.20000000001164
1355.1 8.30000000000291
1355.25 8.39999999999418
1355.4 8.40000000000873
1355.55 8.5
1355.7 8.59999999999127
1355.85 8.60000000000582
1356 8.70000000001164
1356.15 8.80000000000291
1356.3 8.79999999998836
1356.45 8.90000000000873
1356.6 9
1356.75 9.09999999999127
1356.9 9.10000000000582
1357.05 9.19999999999709
1357.2 9.19999999999709
1357.35 9.30000000000291
1357.5 9.40000000000873
1357.65 9.5
1357.8 9.59999999999127
1357.95 9.60000000000582
1358.1 9.79999999998836
1358.25 9.80000000000291
1358.4 9.80000000000291
1358.55 10
1358.7 10
1358.85 10.0999999999913
1359 10.1999999999971
1359.15 10.2999999999884
1359.3 10.3999999999942
1359.45 10.3999999999942
1359.6 10.5999999999913
1359.75 10.6000000000058
1359.9 10.6999999999971
1360.05 10.7999999999884
1360.2 10.8999999999942
1360.35 11
1360.5 11.0999999999913
1360.65 11.2999999999884
1360.8 11.3000000000029
1360.95 11.3999999999942
1361.1 11.5
1361.25 11.5999999999913
1361.4 11.6999999999971
1361.55 11.8000000000029
1361.7 11.8999999999942
1361.85 12
1362 12.0999999999913
1362.15 12.1999999999971
1362.3 12.4000000000087
1362.45 12.4000000000087
1362.6 12.5
1362.75 12.6999999999971
1362.9 12.8000000000029
1363.05 12.9000000000087
1363.2 13
1363.35 13.0999999999913
1363.5 13.3000000000029
1363.65 13.4000000000087
1363.8 13.5
1363.95 13.5999999999913
1364.1 13.8000000000029
1364.25 13.8999999999942
1364.4 14
1364.55 14.2000000000116
1364.7 14.3000000000029
1364.85 14.3999999999942
1365 14.6000000000058
1365.15 14.7000000000116
1365.3 14.9000000000087
1365.45 15
1365.6 15.1999999999971
1365.75 15.3000000000029
1365.9 15.3999999999942
1366.05 15.6000000000058
1366.2 15.6999999999971
1366.35 15.8000000000029
1366.5 16.0999999999913
1366.65 16.2000000000116
1366.8 16.3999999999942
1366.95 16.5
1367.1 16.7000000000116
1367.25 16.8999999999942
1367.4 17.0999999999913
1367.55 17.1999999999971
1367.7 17.3999999999942
1367.85 17.5
1368 17.8000000000029
1368.15 18
1368.3 18.0999999999913
1368.45 18.3999999999942
1368.6 18.5
1368.75 18.6999999999971
1368.9 18.8999999999942
1369.05 19.2000000000116
1369.2 19.3000000000029
1369.35 19.5
1369.5 19.8000000000029
1369.65 20
1369.8 20.1999999999971
1369.95 20.3999999999942
1370.1 20.6999999999971
1370.25 20.8999999999942
1370.4 21
1370.55 21.3000000000029
1370.7 21.6000000000058
1370.85 21.8999999999942
1371 22
1371.15 22.3000000000029
1371.3 22.5999999999913
1371.45 22.8000000000029
1371.6 23.0999999999913
1371.75 23.3999999999942
1371.9 23.6999999999971
1372.05 23.8999999999942
1372.2 24.1999999999971
1372.35 24.5
1372.5 24.7999999999884
1372.65 25.0999999999913
1372.8 25.3999999999942
1372.95 25.8000000000029
1373.1 26
1373.25 26.3999999999942
1373.4 26.7000000000116
1373.55 27
1373.7 27.3000000000029
1373.85 27.6999999999971
1374 28
1374.15 28.4000000000087
1374.3 28.6999999999971
1374.45 29.1000000000058
1374.6 29.5
1374.75 29.8999999999942
1374.9 30.1999999999971
1375.05 30.6000000000058
1375.2 31.0999999999913
1375.35 31.5
1375.5 31.9000000000087
1375.65 32.3000000000029
1375.8 32.6999999999971
1375.95 33.1999999999971
1376.1 33.6000000000058
1376.25 34.0999999999913
1376.4 34.6000000000058
1376.55 35.1000000000058
1376.7 35.5
1376.85 36
1377 36.5
1377.15 37
1377.3 37.6000000000058
1377.45 38.0999999999913
1377.6 38.6999999999971
1377.75 39.1999999999971
1377.9 39.7999999999884
1378.05 40.3999999999942
1378.2 41
1378.35 41.5999999999913
1378.5 42.1999999999971
1378.65 42.7999999999884
1378.8 43.5
1378.95 44.1000000000058
1379.1 44.9000000000087
1379.25 45.6000000000058
1379.4 46.3000000000029
1379.55 46.8999999999942
1379.7 47.6999999999971
1379.85 48.4000000000087
1380 49.1999999999971
1380.15 50.1000000000058
1380.3 50.8000000000029
1380.45 51.6999999999971
1380.6 52.5
1380.75 53.3000000000029
1380.9 54.1999999999971
1381.05 55.0999999999913
1381.2 56.1999999999971
1381.35 57.1000000000058
1381.5 58
1381.65 59
1381.8 60
1381.95 61
1382.1 62.1999999999971
1382.25 63.2999999999884
1382.4 64.3999999999942
1382.55 65.6000000000058
1382.7 66.8000000000029
1382.85 67.8999999999942
1383 69.1000000000058
1383.15 70.4000000000015
1383.3 71.9000000000087
1383.45 73.2000000000044
1383.6 74.6000000000058
1383.75 76
1383.9 77.3000000000029
1384.05 78.8000000000029
1384.2 80.5
1384.35 82.1999999999971
1384.5 83.8000000000029
1384.65 85.5
1384.8 87.0999999999985
1384.95 88.7000000000044
1385.1 90.5999999999985
1385.25 92.5999999999985
1385.4 94.5999999999985
1385.55 96.6999999999971
1385.7 98.6999999999971
1385.85 100.800000000003
1386 102.799999999996
1386.15 105
1386.3 107.5
1386.45 110.100000000006
1386.6 112.5
1386.75 115
1386.9 117.5
1387.05 120.100000000006
1387.2 123
1387.35 126.099999999999
1387.5 129.200000000004
1387.65 132.400000000001
1387.8 135.5
1387.95 138.700000000004
1388.1 141.800000000003
1388.25 145.5
1388.4 149.5
1388.55 153.5
1388.7 157.599999999999
1388.85 161.599999999999
1389 165.599999999999
1389.15 169.599999999999
1389.3 174.400000000001
1389.45 179.599999999999
1389.6 184.900000000001
1389.75 190.099999999999
1389.9 195.300000000003
1390.05 200.5
1390.2 205.799999999996
1390.35 212.199999999997
1390.5 219.199999999997
1390.65 226.199999999997
1390.8 233.099999999999
1390.95 240
1391.1 246.900000000001
1391.25 253.900000000001
1391.4 262.899999999994
1391.55 272.300000000003
1391.7 281.800000000003
1391.85 291.199999999997
1392 300.699999999997
1392.15 310.099999999999
1392.3 319.599999999999
1392.45 332.5
1392.6 345.800000000003
1392.75 359.099999999999
1392.9 372.400000000001
1393.05 385.599999999999
1393.2 399
1393.35 412.199999999997
1393.5 431.5
1393.65 450.900000000001
1393.8 470.299999999996
1393.95 489.699999999997
1394.1 509
1394.25 528.400000000001
1394.4 548.5
1394.55 578.199999999997
1394.7 607.900000000001
1394.85 637.5
1395 667.300000000003
1395.15 696.900000000001
1395.3 726.599999999999
1395.45 758.900000000001
1395.6 807.300000000003
1395.75 855.5
1395.9 903.900000000001
1396.05 952.099999999999
1396.2 1000.5
1396.35 1048.7
1396.5 1105.3
1396.65 1190.6
1396.8 1275.8
1396.95 1361.10000000001
1397.1 1446.5
1397.25 1531.8
1397.4 1617
1397.55 1711.9
1397.7 1836.5
1397.85 1974.3
1398 2127.1
1398.15 2297.4
1398.3 2487.4
1398.45 2700.4
1398.6 2940
1398.75 3210.7
1398.9 3518
1399.05 3868.4
1399.2 4270
1399.35 4732.6
1399.5 5269.2
1399.65 5895.6
1399.8 6631.7
1399.95 7503.2
1400.1 8543.9
1400.25 9799.8
1400.4 11329.2
1400.55 13212.7
1400.7 15561.3
1400.85 18533.2
1401 22354.1
1401.15 27348.7
1401.3 34003.5
1401.45 43059.5
1401.6 55698.3
1401.75 73738.3
1401.9 100049.3
1402.05 138957.6
1402.2 196060.3
1402.35 274680.5
1402.5 363532.2
1402.65 422090.7
1402.8 390212.7
1402.95 265021.7
1403.1 149981
1403.25 79817.7
1403.4 42782.5
1403.55 23794.5
1403.7 13858.4
1403.85 8434
1404 5345.5
1404.15 3513.2
1404.3 2386.1
1404.45 1667.1
1404.6 1193.7
1404.75 873.5
1404.9 651.799999999999
1405.05 495.099999999999
1405.2 381.799999999999
1405.35 298.5
1405.5 236.299999999999
1405.65 189.299999999999
1405.8 153.200000000001
1405.95 125.099999999999
1406.1 103.100000000002
1406.25 85.7000000000007
1406.4 71.7000000000007
1406.55 60.4000000000015
1406.7 51.2000000000007
1406.85 43.5999999999985
1407 37.3999999999978
1407.15 32.2999999999993
1407.3 28
1407.45 24.3000000000029
1407.6 21.2000000000007
1407.75 18.5999999999985
1407.9 16.5
1408.05 15.1000000000022
1408.2 13.7999999999993
1408.35 12.5
1408.5 11.2000000000007
1408.65 9.89999999999782
1408.8 8.60000000000218
1408.95 7.39999999999782
1409.1 6.89999999999782
1409.25 6.29999999999927
1409.4 5.79999999999927
1409.55 5.29999999999927
1409.7 4.80000000000291
1409.85 4.20000000000073
1410 3.79999999999927
1410.15 3.5
1410.3 3.29999999999927
1410.45 3
1410.6 2.79999999999927
1410.75 2.5
1410.9 2.29999999999927
1411.05 2
1411.2 2
1411.35 1.79999999999927
1411.5 1.70000000000073
1411.65 1.59999999999854
1411.8 1.5
1411.95 1.29999999999927
1412.1 1.29999999999927
1412.25 1.09999999999854
1412.4 1.09999999999854
1412.55 1.09999999999854
1412.7 0.900000000001455
1412.85 0.899999999997817
1413 0.799999999999272
1413.15 0.700000000000728
1413.3 0.700000000000728
1413.45 0.69999999999709
1413.6 0.700000000000728
1413.75 0.700000000000728
1413.9 0.5
1414.05 0.599999999998545
1414.2 0.5
1414.35 0.5
1414.5 0.5
1414.65 0.400000000001455
1414.8 0.399999999997817
1414.95 0.400000000001455
1415.1 0.400000000001455
1415.25 0.400000000001455
1415.4 0.299999999999272
1415.55 0.299999999999272
1415.7 0.299999999999272
1415.85 0.299999999999272
1416 0.299999999999272
1416.15 0.200000000000728
1416.3 0.200000000000728
1416.45 0.200000000000728
1416.6 0.200000000000728
1416.75 0.299999999999272
1416.9 0.200000000000728
1417.05 0.200000000000728
1417.2 0.200000000000728
1417.35 0.200000000000728
1417.5 0.200000000000728
1417.65 0.100000000002183
1417.8 0.099999999998545
1417.95 0.200000000000728
1418.1 0.099999999998545
1418.25 0.100000000002183
1418.4 0.100000000002183
1418.55 0.200000000000728
1418.7 0.099999999998545
1418.85 0.100000000002183
1419 0.099999999998545
1419.15 0.200000000000728
1419.3 0.100000000002183
1419.45 0.099999999998545
1419.6 0.099999999998545
1419.75 0.100000000002183
1419.9 0
1420.05 0.100000000002183
1420.2 0
1420.35 0.100000000002183
1420.5 0.100000000002183
1420.65 0.099999999998545
1420.8 0
1420.95 0.099999999998545
1421.1 0
1421.25 0.100000000002183
1421.4 0
1421.55 0.100000000002183
1421.7 0.099999999998545
1421.85 0.100000000002183
1422 0.099999999998545
1422.15 0.099999999998545
1422.3 0
1422.45 0
1422.6 0
1422.75 0
1422.9 0
1423.05 0.099999999998545
1423.2 0.100000000002183
1423.35 0
1423.5 0
1423.65 0
1423.8 0.099999999998545
1423.95 0.100000000002183
1424.1 0.100000000002183
1424.25 0
1424.4 0
1424.55 0.099999999998545
1424.7 0
1424.85 0
1425 0.099999999998545
1425.15 0
1425.3 0
1425.45 0
1425.6 0
1425.75 0.099999999998545
1425.9 0
1426.05 0
1426.2 0.100000000002183
1426.35 0
1426.5 0
1426.65 0
1426.8 0.100000000002183
1426.95 0
1427.1 0
1427.25 0
1427.4 0
1427.55 0
1427.7 0
1427.85 0.100000000002183
1428 0
1428.15 0
1428.3 0
1428.45 0.100000000002183
1428.6 0.099999999998545
1428.75 0
1428.9 0
1429.05 0
1429.2 0
1429.35 0
1429.5 0
1429.65 0
1429.8 0
1429.95 0
1430.1 0
1430.25 0
1430.4 0
1430.55 0.099999999998545
1430.7 0
1430.85 0
1431 0
1431.15 0
1431.3 0
1431.45 0
1431.6 0
1431.75 0
1431.9 0
1432.05 0
1432.2 0
1432.35 0
1432.5 0
1432.65 0
1432.8 0
1432.95 0
1433.1 0
1433.25 0
1433.4 0
1433.55 0
1433.7 0
1433.85 0.099999999998545
1434 0
1434.15 0
1434.3 0
1434.45 0.100000000000364
1434.6 0
1434.75 0
1434.9 0
1435.05 0
1435.2 0
1435.35 0
1435.5 0
1435.65 0
1435.8 0
1435.95 0
1436.1 0
1436.25 0
1436.4 0
1436.55 0
1436.7 0
1436.85 0
1437 0
1437.15 0
1437.3 0
1437.45 0.099999999998545
1437.6 0.099999999998545
1437.75 0.099999999998545
1437.9 0
1438.05 0
1438.2 0
1438.35 0
1438.5 0
1438.65 0
1438.8 0
1438.95 0
1439.1 0
1439.25 0
1439.4 0
1439.55 0
1439.7 0
1439.85 0
1440 0
1440.15 0
1440.3 0
1440.45 0
1440.6 0
1440.75 0
1440.9 0
1441.05 0
1441.2 0
1441.35 0
1441.5 0
1441.65 0
1441.8 0
1441.95 0
1442.1 0
1442.25 0
1442.4 0
1442.55 0
1442.7 0
1442.85 0
1443 0
1443.15 0
1443.3 0
1443.45 0
1443.6 0
1443.75 0
1443.9 0
1444.05 0
1444.2 0
1444.35 0
1444.5 0
1444.65 0
1444.8 0
1444.95 0
1445.1 0
1445.25 0
1445.4 0
1445.55 0
1445.7 0
1445.85 0
1446 0
1446.15 0
1446.3 0
1446.45 0
1446.6 0