1296.6 1
1296.75 1
1296.9 1
1297.05 1
1297.2 1
1297.35 1
1297.5 1
1297.65 1
1297.8 1
1297.95 1
1298.1 1
1298.25 1
1298.4 1.09999999999127
1298.55 1
1298.7 1.10000000000582
1298.85 1
1299 1.09999999999127
1299.15 1.09999999999127
1299.3 1
1299.45 1.09999999999127
1299.6 1.09999999999127
1299.75 1.10000000000582
1299.9 1
1300.05 1.10000000000582
1300.2 1.09999999999127
1300.35 1.10000000000582
1300.5 1.10000000000582
1300.65 1.09999999999127
1300.8 1.10000000000582
1300.95 1.10000000000582
1301.1 1.10000000000582
1301.25 1.10000000000582
1301.4 1.09999999999127
1301.55 1.10000000000582
1301.7 1.10000000000582
1301.85 1.09999999999127
1302 1.10000000000582
1302.15 1.09999999999127
1302.3 1.19999999999709
1302.45 1.10000000000582
1302.6 1.19999999999709
1302.75 1.09999999999127
1302.9 1.19999999999709
1303.05 1.19999999999709
1303.2 1.20000000001164
1303.35 1.10000000000582
1303.5 1.20000000001164
1303.65 1.19999999999709
1303.8 1.19999999999709
1303.95 1.10000000000582
1304.1 1.19999999999709
1304.25 1.20000000001164
1304.4 1.19999999999709
1304.55 1.19999999999709
1304.7 1.19999999999709
1304.85 1.19999999999709
1305 1.29999999998836
1305.15 1.20000000001164
1305.3 1.20000000001164
1305.45 1.19999999999709
1305.6 1.19999999999709
1305.75 1.19999999999709
1305.9 1.30000000000291
1306.05 1.20000000001164
1306.2 1.19999999999709
1306.35 1.30000000000291
1306.5 1.19999999999709
1306.65 1.19999999999709
1306.8 1.30000000000291
1306.95 1.30000000000291
1307.1 1.30000000000291
1307.25 1.29999999998836
1307.4 1.30000000000291
1307.55 1.30000000000291
1307.7 1.39999999999418
1307.85 1.30000000000291
1308 1.30000000000291
1308.15 1.30000000000291
1308.3 1.30000000000291
1308.45 1.40000000000873
1308.6 1.29999999998836
1308.75 1.40000000000873
1308.9 1.30000000000291
1309.05 1.39999999999418
1309.2 1.39999999999418
1309.35 1.30000000000291
1309.5 1.39999999999418
1309.65 1.29999999998836
1309.8 1.39999999999418
1309.95 1.40000000000873
1310.1 1.40000000000873
1310.25 1.39999999999418
1310.4 1.39999999999418
1310.55 1.40000000000873
1310.7 1.39999999999418
1310.85 1.39999999999418
1311 1.39999999999418
1311.15 1.39999999999418
1311.3 1.39999999999418
1311.45 1.5
1311.6 1.40000000000873
1311.75 1.40000000000873
1311.9 1.39999999999418
1312.05 1.5
1312.2 1.5
1312.35 1.39999999999418
1312.5 1.5
1312.65 1.5
1312.8 1.5
1312.95 1.5
1313.1 1.59999999999127
1313.25 1.5
1313.4 1.5
1313.55 1.59999999999127
1313.7 1.5
1313.85 1.5
1314 1.60000000000582
1314.15 1.5
1314.3 1.59999999999127
1314.45 1.60000000000582
1314.6 1.59999999999127
1314.75 1.5
1314.9 1.60000000000582
1315.05 1.59999999999127
1315.2 1.60000000000582
1315.35 1.60000000000582
1315.5 1.69999999999709
1315.65 1.59999999999127
1315.8 1.60000000000582
1315.95 1.69999999999709
1316.1 1.69999999999709
1316.25 1.60000000000582
1316.4 1.60000000000582
1316.55 1.69999999999709
1316.7 1.59999999999127
1316.85 1.69999999999709
1317 1.69999999999709
1317.15 1.69999999999709
1317.3 1.69999999999709
1317.45 1.69999999999709
1317.6 1.69999999999709
1317.75 1.69999999999709
1317.9 1.80000000000291
1318.05 1.69999999999709
1318.2 1.80000000000291
1318.35 1.80000000000291
1318.5 1.69999999999709
1318.65 1.80000000000291
1318.8 1.80000000000291
1318.95 1.80000000000291
1319.1 1.80000000000291
1319.25 1.80000000000291
1319.4 1.80000000000291
1319.55 1.80000000000291
1319.7 1.80000000000291
1319.85 1.80000000000291
1320 1.80000000000291
1320.15 1.80000000000291
1320.3 1.79999999998836
1320.45 1.90000000000873
1320.6 1.80000000000291
1320.75 1.89999999999418
1320.9 1.90000000000873
1321.05 1.89999999999418
1321.2 2
1321.35 1.90000000000873
1321.5 1.89999999999418
1321.65 1.90000000000873
1321.8 1.90000000000873
1321.95 1.89999999999418
1322.1 1.89999999999418
1322.25 1.89999999999418
1322.4 2
1322.55 2
1322.7 2
1322.85 2
1323 2.09999999999127
1323.15 2
1323.3 2
1323.45 2.10000000000582
1323.6 2
1323.75 2.10000000000582
1323.9 2.09999999999127
1324.05 2.09999999999127
1324.2 2.10000000000582
1324.35 2.09999999999127
1324.5 2.10000000000582
1324.65 2.10000000000582
1324.8 2.19999999999709
1324.95 2.19999999999709
1325.1 2.19999999999709
1325.25 2.19999999999709
1325.4 2.19999999999709
1325.55 2.19999999999709
1325.7 2.19999999999709
1325.85 2.29999999998836
1326 2.19999999999709
1326.15 2.19999999999709
1326.3 2.19999999999709
1326.45 2.20000000001164
1326.6 2.30000000000291
1326.75 2.30000000000291
1326.9 2.30000000000291
1327.05 2.29999999998836
1327.2 2.39999999999418
1327.35 2.29999999998836
1327.5 2.30000000000291
1327.65 2.40000000000873
1327.8 2.40000000000873
1327.95 2.29999999998836
1328.1 2.40000000000873
1328.25 2.39999999999418
1328.4 2.40000000000873
1328.55 2.40000000000873
1328.7 2.39999999999418
1328.85 2.39999999999418
1329 2.5
1329.15 2.5
1329.3 2.5
1329.45 2.5
1329.6 2.59999999999127
1329.75 2.5
1329.9 2.5
1330.05 2.60000000000582
1330.2 2.60000000000582
1330.35 2.5
1330.5 2.60000000000582
1330.65 2.59999999999127
1330.8 2.60000000000582
1330.95 2.69999999999709
1331.1 2.59999999999127
1331.25 2.69999999999709
1331.4 2.69999999999709
1331.55 2.69999999999709
1331.7 2.70000000001164
1331.85 2.80000000000291
1332 2.80000000000291
1332.15 2.80000000000291
1332.3 2.69999999999709
1332.45 2.80000000000291
1332.6 2.80000000000291
1332.75 2.80000000000291
1332.9 2.80000000000291
1333.05 2.80000000000291
1333.2 2.90000000000873
1333.35 2.79999999998836
1333.5 2.90000000000873
1333.65 2.89999999999418
1333.8 2.89999999999418
1333.95 3
1334.1 2.89999999999418
1334.25 3
1334.4 3
1334.55 3
1334.7 3.10000000000582
1334.85 3
1335 3.10000000000582
1335.15 3.10000000000582
1335.3 3.09999999999127
1335.45 3.09999999999127
1335.6 3.19999999999709
1335.75 3.20000000001164
1335.9 3.09999999999127
1336.05 3.19999999999709
1336.2 3.19999999999709
1336.35 3.30000000000291
1336.5 3.30000000000291
1336.65 3.29999999998836
1336.8 3.30000000000291
1336.95 3.30000000000291
1337.1 3.40000000000873
1337.25 3.39999999999418
1337.4 3.39999999999418
1337.55 3.39999999999418
1337.7 3.39999999999418
1337.85 3.40000000000873
1338 3.40000000000873
1338.15 3.40000000000873
1338.3 3.5
1338.45 3.5
1338.6 3.5
1338.75 3.5
1338.9 3.60000000000582
1339.05 3.60000000000582
1339.2 3.60000000000582
1339.35 3.60000000000582
1339.5 3.69999999999709
1339.65 3.60000000000582
1339.8 3.69999999999709
1339.95 3.69999999999709
1340.1 3.69999999999709
1340.25 3.80000000000291
1340.4 3.80000000000291
1340.55 3.79999999998836
1340.7 3.80000000000291
1340.85 3.80000000000291
1341 3.80000000000291
1341.15 3.90000000000873
1341.3 4
1341.45 3.89999999999418
1341.6 3.89999999999418
1341.75 4
1341.9 4
1342.05 4.10000000000582
1342.2 4.09999999999127
1342.35 4.09999999999127
1342.5 4.09999999999127
1342.65 4.19999999999709
1342.8 4.09999999999127
1342.95 4.19999999999709
1343.1 4.19999999999709
1343.25 4.30000000000291
1343.4 4.29999999998836
1343.55 4.30000000000291
1343.7 4.30000000000291
1343.85 4.40000000000873
1344 4.39999999999418
1344.15 4.39999999999418
1344.3 4.5
1344.45 4.39999999999418
1344.6 4.5
1344.75 4.60000000000582
1344.9 4.60000000000582
1345.05 4.60000000000582
1345.2 4.69999999999709
1345.35 4.69999999999709
1345.5 4.69999999999709
1345.65 4.69999999999709
1345.8 4.69999999999709
1345.95 4.80000000000291
1346.1 4.80000000000291
1346.25 4.80000000000291
1346.4 4.90000000000873
1346.55 5
1346.7 5
1346.85 5
1347 5.10000000000582
1347.15 5
1347.3 5.10000000000582
1347.45 5.10000000000582
1347.6 5.19999999999709
1347.75 5.30000000000291
1347.9 5.29999999998836
1348.05 5.30000000000291
1348.2 5.30000000000291
1348.35 5.30000000000291
1348.5 5.40000000000873
1348.65 5.39999999999418
1348.8 5.39999999999418
1348.95 5.5
1349.1 5.5
1349.25 5.59999999999127
1349.4 5.70000000001164
1349.55 5.69999999999709
1349.7 5.69999999999709
1349.85 5.69999999999709
1350 5.79999999998836
1350.15 5.79999999998836
1350.3 5.89999999999418
1350.45 5.89999999999418
1350.6 6
1350.75 6
1350.9 6.10000000000582
1351.05 6.19999999999709
1351.2 6.19999999999709
1351.35 6.29999999998836
1351.5 6.30000000000291
1351.65 6.30000000000291
1351.8 6.40000000000873
1351.95 6.5
1352.1 6.39999999999418
1352.25 6.5
1352.4 6.59999999999127
1352.55 6.60000000000582
1352.7 6.70000000001164
1352.85 6.69999999999709
1353 6.69999999999709
1353.15 6.89999999999418
1353.3 6.89999999999418
1353.45 6.90000000000873
1353.6 6.89999999999418
1353.75 7.10000000000582
1353.9 7.10000000000582
1354.05 7.19999999999709
1354.2 7.30000000000291
1354.35 7.30000000000291
1354.5 7.30000000000291
1354.65 7.30000000000291
1354.8 7.39999999999418
1354.95 7.5
1355.1 7.5
1355.25 7.69999999999709
1355.4 7.69999999999709
1355.55 7.69999999999709
1355.7 7.79999999998836
1355.85 7.80000000000291
1356 8
1356.15 8
1356.3 8
1356.45 8.20000000001164
1356.6 8.20000000001164
1356.75 8.29999999998836
1356.9 8.40000000000873
1357.05 8.39999999999418
1357.2 8.5
1357.35 8.5
1357.5 8.60000000000582
1357.65 8.69999999999709
1357.8 8.79999999998836
1357.95 8.80000000000291
1358.1 9
1358.25 9
1358.4 9.10000000000582
1358.55 9.20000000001164
1358.7 9.30000000000291
1358.85 9.39999999999418
1359 9.5
1359.15 9.5
1359.3 9.59999999999127
1359.45 9.69999999999709
1359.6 9.80000000000291
1359.75 9.89999999999418
1359.9 10
1360.05 10.0999999999913
1360.2 10.1999999999971
1360.35 10.3000000000029
1360.5 10.2999999999884
1360.65 10.5
1360.8 10.6000000000058
1360.95 10.6000000000058
1361.1 10.8000000000029
1361.25 10.8999999999942
1361.4 10.8999999999942
1361.55 11.0999999999913
1361.7 11.1999999999971
1361.85 11.2999999999884
1362 11.3999999999942
1362.15 11.5
1362.3 11.7000000000116
1362.45 11.7000000000116
1362.6 11.8000000000029
1362.75 12
1362.9 12.1000000000058
1363.05 12.1999999999971
1363.2 12.3000000000029
1363.35 12.5
1363.5 12.5999999999913
1363.65 12.8000000000029
1363.8 12.8000000000029
1363.95 13
1364.1 13.1000000000058
1364.25 13.1999999999971
1364.4 13.3999999999942
1364.55 13.6000000000058
1364.7 13.5999999999913
1364.85 13.7999999999884
1365 14
1365.15 14.1000000000058
1365.3 14.3000000000029
1365.45 14.3999999999942
1365.6 14.5999999999913
1365.75 14.6999999999971
1365.9 14.8999999999942
1366.05 15.1000000000058
1366.2 15.1999999999971
1366.35 15.4000000000087
1366.5 15.5999999999913
1366.65 15.8000000000029
1366.8 15.8999999999942
1366.95 16
1367.1 16.3000000000029
1367.25 16.5
1367.4 16.6999999999971
1367.55 16.8000000000029
1367.7 17
1367.85 17.2000000000116
1368 17.5
1368.15 17.6000000000058
1368.3 17.8000000000029
1368.45 18.1000000000058
1368.6 18.1999999999971
1368.75 18.5
1368.9 18.6999999999971
1369.05 19
1369.2 19.1999999999971
1369.35 19.3999999999942
1369.5 19.6999999999971
1369.65 19.9000000000087
1369.8 20.1999999999971
1369.95 20.3000000000029
1370.1 20.6999999999971
1370.25 20.8999999999942
1370.4 21.1000000000058
1370.55 21.4000000000087
1370.7 21.6999999999971
1370.85 22
1371 22.1999999999971
1371.15 22.5
1371.3 22.7999999999884
1371.45 23.1999999999971
1371.6 23.5
1371.75 23.8000000000029
1371.9 24
1372.05 24.3999999999942
1372.2 24.6999999999971
1372.35 25
1372.5 25.3999999999942
1372.65 25.6999999999971
1372.8 26.0999999999913
1372.95 26.5
1373.1 26.8000000000029
1373.25 27.1999999999971
1373.4 27.6000000000058
1373.55 28
1373.7 28.3999999999942
1373.85 28.8000000000029
1374 29.0999999999913
1374.15 29.6000000000058
1374.3 30
1374.45 30.5
1374.6 31
1374.75 31.5
1374.9 31.9000000000087
1375.05 32.3000000000029
1375.2 32.8000000000029
1375.35 33.2999999999884
1375.5 33.9000000000087
1375.65 34.3999999999942
1375.8 34.8999999999942
1375.95 35.5
1376.1 36
1376.25 36.5999999999913
1376.4 37.1999999999971
1376.55 37.8000000000029
1376.7 38.4000000000087
1376.85 39.1000000000058
1377 39.6999999999971
1377.15 40.1999999999971
1377.3 41
1377.45 41.6999999999971
1377.6 42.5
1377.75 43.1999999999971
1377.9 43.8999999999942
1378.05 44.6000000000058
1378.2 45.3000000000029
1378.35 46.1999999999971
1378.5 47
1378.65 47.8999999999942
1378.8 48.8000000000029
1378.95 49.5
1379.1 50.5
1379.25 51.4000000000087
1379.4 52.3000000000029
1379.55 53.2999999999884
1379.7 54.3999999999942
1379.85 55.4000000000087
1380 56.5
1380.15 57.5
1380.3 58.5
1380.45 59.6999999999971
1380.6 60.8999999999942
1380.75 62.1999999999971
1380.9 63.3999999999942
1381.05 64.5999999999913
1381.2 66
1381.35 67.1999999999971
1381.5 68.6000000000058
1381.65 70.0999999999913
1381.8 71.6999999999971
1381.95 73.1999999999971
1382.1 74.8000000000029
1382.25 76.1999999999971
1382.4 77.8000000000029
1382.55 79.7000000000116
1382.7 81.6000000000058
1382.85 83.3999999999942
1383 85.3000000000029
1383.15 87.1000000000058
1383.3 89.1000000000058
1383.45 90.9000000000015
1383.6 93.3000000000029
1383.75 95.7000000000044
1383.9 98
1384.05 100.400000000001
1384.2 102.700000000004
1384.35 105.199999999997
1384.5 107.5
1384.65 110.5
1384.8 113.5
1384.95 116.5
1385.1 119.599999999999
1385.25 122.599999999999
1385.4 125.599999999999
1385.55 128.699999999997
1385.7 132.699999999997
1385.85 136.599999999999
1386 140.5
1386.15 144.399999999994
1386.3 148.299999999996
1386.45 152.300000000003
1386.6 156.399999999994
1386.75 161.599999999999
1386.9 166.800000000003
1387.05 172.100000000006
1387.2 177.299999999996
1387.35 182.400000000001
1387.5 187.599999999999
1387.65 193.400000000001
1387.8 200.5
1387.95 207.5
1388.1 214.700000000004
1388.25 221.800000000003
1388.4 228.799999999996
1388.55 235.900000000001
1388.7 244.099999999999
1388.85 254
1389 264
1389.15 273.899999999994
1389.3 283.900000000001
1389.45 293.899999999994
1389.6 303.900000000001
1389.75 315.900000000001
1389.9 330.400000000001
1390.05 344.900000000001
1390.2 359.5
1390.35 374
1390.5 388.5
1390.65 403.199999999997
1390.8 421.799999999996
1390.95 444
1391.1 466.300000000003
1391.25 488.600000000006
1391.4 510.799999999996
1391.55 533.100000000006
1391.7 555.300000000003
1391.85 586.099999999999
1392 622.299999999996
1392.15 658.5
1392.3 694.800000000003
1392.45 731
1392.6 767.300000000003
1392.75 803.5
1392.9 858.900000000001
1393.05 922.799999999996
1393.2 986.799999999996
1393.35 1050.7
1393.5 1114.6
1393.65 1178.6
1393.8 1242.6
1393.95 1326.4
1394.1 1424.3
1394.25 1532.7
1394.4 1653.3
1394.55 1787.6
1394.7 1937.8
1394.85 2106.4
1395 2296.60000000001
1395.15 2511.9
1395.3 2756.8
1395.45 3036.6
1395.6 3358.1
1395.75 3729.8
1395.9 4162.1
1396.05 4668
1396.2 5264.6
1396.35 5974
1396.5 6825.5
1396.65 7856.5
1396.8 9118.3
1396.95 10681.1
1397.1 12644.6
1397.25 15146.4
1397.4 18385.3
1397.55 22655.4
1397.7 28402.4
1397.85 36321.1
1398 47477.8
1398.15 63566.1
1398.3 87214
1398.45 122263.1
1398.6 172679.4
1398.75 237447.7
1398.9 298571.4
1399.05 317945.6
1399.2 252219.5
1399.35 154591.9
1399.5 83974.8
1399.65 44562.8
1399.8 24275.1
1399.95 13796
1400.1 8200.2
1400.25 5087
1400.4 3280.8
1400.55 2192
1400.7 1509.1
1400.85 1066.7
1401 771.700000000001
1401.15 570.199999999997
1401.3 429.099999999999
1401.45 328.299999999999
1401.6 254.799999999999
1401.75 200.399999999998
1401.9 159.700000000001
1402.05 128.5
1402.2 104.399999999998
1402.35 85.7000000000007
1402.5 70.9000000000015
1402.65 59
1402.8 49.5
1402.95 41.9000000000015
1403.1 35.5999999999985
1403.25 30.5
1403.4 26.2000000000007
1403.55 22.5999999999985
1403.7 19.6000000000022
1403.85 17.1000000000022
1404 15
1404.15 13.1999999999971
1404.3 11.9000000000015
1404.45 10.8999999999978
1404.6 9.90000000000146
1404.75 8.90000000000146
1404.9 7.90000000000146
1405.05 7
1405.2 6
1405.35 5.39999999999782
1405.5 4.89999999999782
1405.65 4.60000000000218
1405.8 4.20000000000073
1405.95 3.69999999999709
1406.1 3.30000000000291
1406.25 3
1406.4 2.70000000000073
1406.55 2.5
1406.7 2.40000000000146
1406.85 2.20000000000073
1407 2
1407.15 1.79999999999927
1407.3 1.59999999999854
1407.45 1.5
1407.6 1.40000000000146
1407.75 1.29999999999927
1407.9 1.29999999999927
1408.05 1.10000000000218
1408.2 1
1408.35 1
1408.5 0.900000000001455
1408.65 0.799999999999272
1408.8 0.80000000000291
1408.95 0.799999999999272
1409.1 0.69999999999709
1409.25 0.700000000000728
1409.4 0.599999999998545
1409.55 0.600000000002183
1409.7 0.600000000002183
1409.85 0.5
1410 0.5
1410.15 0.5
1410.3 0.400000000001455
1410.45 0.399999999997817
1410.6 0.399999999997817
1410.75 0.400000000001455
1410.9 0.299999999999272
1411.05 0.299999999999272
1411.2 0.299999999999272
1411.35 0.19999999999709
1411.5 0.200000000000728
1411.65 0.19999999999709
1411.8 0.30000000000291
1411.95 0.200000000000728
1412.1 0.200000000000728
1412.25 0.200000000000728
1412.4 0.19999999999709
1412.55 0.200000000000728
1412.7 0.100000000002183
1412.85 0.19999999999709
1413 0.099999999998545
1413.15 0.099999999998545
1413.3 0.100000000002183
1413.45 0.099999999998545
1413.6 0.200000000000728
1413.75 0.200000000000728
1413.9 0.100000000002183
1414.05 0.19999999999709
1414.2 0.099999999998545
1414.35 0.099999999998545
1414.5 0.100000000002183
1414.65 0.100000000002183
1414.8 0.099999999998545
1414.95 0.099999999998545
1415.1 0.100000000002183
1415.25 0.100000000002183
1415.4 0.099999999998545
1415.55 0.099999999998545
1415.7 0.100000000002183
1415.85 0.099999999998545
1416 0.099999999998545
1416.15 0
1416.3 0
1416.45 0.099999999998545
1416.6 0.099999999998545
1416.75 0.099999999998545
1416.9 0.100000000002183
1417.05 0
1417.2 0
1417.35 0.100000000002183
1417.5 0.099999999998545
1417.65 0
1417.8 0
1417.95 0.100000000002183
1418.1 0
1418.25 0
1418.4 0
1418.55 0.100000000002183
1418.7 0
1418.85 0
1419 0
1419.15 0.100000000002183
1419.3 0.100000000002183
1419.45 0
1419.6 0
1419.75 0.100000000002183
1419.9 0
1420.05 0.100000000002183
1420.2 0
1420.35 0
1420.5 0
1420.65 0.099999999998545
1420.8 0
1420.95 0.099999999998545
1421.1 0
1421.25 0.100000000002183
1421.4 0
1421.55 0.100000000002183
1421.7 0.099999999998545
1421.85 0
1422 0
1422.15 0
1422.3 0
1422.45 0
1422.6 0
1422.75 0
1422.9 0
1423.05 0
1423.2 0
1423.35 0
1423.5 0
1423.65 0
1423.8 0
1423.95 0
1424.1 0
1424.25 0
1424.4 0
1424.55 0
1424.7 0
1424.85 0
1425 0
1425.15 0
1425.3 0
1425.45 0
1425.6 0
1425.75 0
1425.9 0
1426.05 0
1426.2 0.100000000002183
1426.35 0
1426.5 0
1426.65 0
1426.8 0.100000000002183
1426.95 0
1427.1 0
1427.25 0
1427.4 0
1427.55 0
1427.7 0
1427.85 0
1428 0
1428.15 0
1428.3 0
1428.45 0.100000000002183
1428.6 0
1428.75 0
1428.9 0
1429.05 0
1429.2 0
1429.35 0
1429.5 0
1429.65 0
1429.8 0
1429.95 0
1430.1 0
1430.25 0
1430.4 0
1430.55 0.099999999998545
1430.7 0
1430.85 0
1431 0
1431.15 0
1431.3 0
1431.45 0
1431.6 0
1431.75 0
1431.9 0
1432.05 0
1432.2 0
1432.35 0
1432.5 0
1432.65 0
1432.8 0
1432.95 0
1433.1 0
1433.25 0
1433.4 0
1433.55 0
1433.7 0
1433.85 0.099999999998545
1434 0
1434.15 0
1434.3 0
1434.45 0.100000000000364
1434.6 0
1434.75 0
1434.9 0
1435.05 0
1435.2 0
1435.35 0
1435.5 0
1435.65 0
1435.8 0
1435.95 0
1436.1 0
1436.25 0
1436.4 0
1436.55 0
1436.7 0
1436.85 0
1437 0
1437.15 0
1437.3 0
1437.45 0.099999999998545
1437.6 0.099999999998545
1437.75 0.099999999998545
1437.9 0
1438.05 0
1438.2 0
1438.35 0
1438.5 0
1438.65 0
1438.8 0
1438.95 0
1439.1 0
1439.25 0
1439.4 0
1439.55 0
1439.7 0
1439.85 0
1440 0
1440.15 0
1440.3 0
1440.45 0
1440.6 0
1440.75 0
1440.9 0
1441.05 0
1441.2 0
1441.35 0
1441.5 0
1441.65 0
1441.8 0
1441.95 0
1442.1 0
1442.25 0
1442.4 0
1442.55 0
1442.7 0
1442.85 0
1443 0
1443.15 0
1443.3 0
1443.45 0
1443.6 0
1443.75 0
1443.9 0
1444.05 0
1444.2 0
1444.35 0
1444.5 0
1444.65 0
1444.8 0
1444.95 0
1445.1 0
1445.25 0
1445.4 0
1445.55 0
1445.7 0
1445.85 0
1446 0
1446.15 0
1446.3 0
1446.45 0
1446.6 0