606.507 0
606.657 0
606.807 0
606.957 0
607.107 0
607.257 1
607.407 0
607.557 0
607.707 0
607.857 1
608.007 1
608.157 0
608.307 1
608.457 0
608.607 0
608.757 1
608.907 0
609.057 0
609.207 0
609.357 0
609.507 0
609.657 0
609.807 0
609.957 0
610.107 0
610.257 0
610.407 0
610.557 0
610.707 1
610.857 0
611.007 0
611.157 0
611.307 0
611.457 0
611.607 0
611.757 0
611.907 0
612.057 0
612.207 0
612.357 0
612.507 1
612.657 1
612.807 0
612.957 1
613.107 0
613.257 0
613.407 0
613.557 0
613.707 1
613.857 1
614.007 1
614.157 0
614.307 0
614.457 0
614.607 0
614.757 0
614.907 0
615.057 0
615.207 1
615.357 0
615.507 0
615.657 0
615.807 1
615.957 0
616.107 1
616.257 0
616.407 0
616.557 0
616.707 0
616.857 0
617.007 0
617.157 0
617.307 0
617.457 0
617.607 0
617.757 0
617.907 1
618.057 0
618.207 0
618.357 1
618.507 0
618.657 1
618.807 0
618.957 0
619.107 1
619.257 0
619.407 0
619.557 0
619.707 1
619.857 0
620.007 0
620.157 1
620.307 1
620.457 0
620.607 0
620.757 0
620.907 0
621.057 0
621.207 1
621.357 0
621.507 1
621.657 0
621.807 0
621.957 1
622.107 1
622.257 0
622.407 0
622.557 1
622.707 0
622.857 0
623.007 0
623.157 0
623.307 0
623.457 1
623.607 0
623.757 1
623.907 0
624.057 1
624.207 1
624.357 0
624.507 1
624.657 1
624.807 0
624.957 0
625.107 0
625.257 1
625.407 0
625.557 0
625.707 0
625.857 0
626.007 1
626.157 0
626.307 0
626.457 1
626.607 0
626.757 0
626.907 1
627.057 1
627.207 0
627.357 0
627.507 0
627.657 1
627.807 0
627.957 0
628.107 0
628.257 0
628.407 0
628.557 0
628.707 0
628.857 0
629.007 0
629.157 0
629.307 1
629.457 1
629.607 1
629.757 1
629.907 1
630.057 1
630.207 1
630.357 1
630.507 0
630.657 0
630.807 1
630.957 0
631.107 0
631.257 0
631.407 0
631.557 0
631.707 0
631.857 0
632.007 0
632.157 0
632.307 0
632.457 1
632.607 0
632.757 0
632.907 0
633.057 0
633.207 1
633.357 1
633.507 1
633.657 0
633.807 1
633.957 0
634.107 1
634.257 1
634.407 0
634.557 1
634.707 0
634.857 0
635.007 0
635.157 1
635.307 1
635.457 1
635.607 0
635.757 0
635.907 1
636.057 1
636.207 0
636.357 0
636.507 0
636.657 1
636.807 0
636.957 1
637.107 0
637.257 1
637.407 1
637.557 1
637.707 1
637.857 0
638.007 1
638.157 1
638.307 1
638.457 0
638.607 1
638.757 1
638.907 0
639.057 0
639.207 0
639.357 1
639.507 1
639.657 1
639.807 0
639.957 1
640.107 0
640.257 0
640.407 1
640.557 0
640.707 0
640.857 0
641.007 1
641.157 0
641.307 0
641.457 1
641.607 0
641.757 1
641.907 0
642.057 0
642.207 1
642.357 1
642.507 1
642.657 0
642.807 1
642.957 1
643.107 1
643.257 0
643.407 1
643.557 0
643.707 0
643.857 1
644.007 1
644.157 0
644.307 0
644.457 1
644.607 0
644.757 1
644.907 0
645.057 1
645.207 0
645.357 0
645.507 0
645.657 0
645.807 0
645.957 1
646.107 1
646.257 1
646.407 0
646.557 1
646.707 1
646.857 1
647.007 1
647.157 1
647.307 0
647.457 1
647.607 1
647.757 0
647.907 1
648.057 1
648.207 1
648.357 1
648.507 1
648.657 1
648.807 1
648.957 0
649.107 1
649.257 1
649.407 1
649.557 0
649.707 0
649.857 1
650.007 1
650.157 1
650.307 1
650.457 1
650.607 1
650.757 1
650.907 1
651.057 1
651.207 1
651.357 1
651.507 0
651.657 1
651.807 0
651.957 1
652.107 0
652.257 1
652.407 1
652.557 1
652.707 1
652.857 0
653.007 1
653.157 1
653.307 0
653.457 1
653.607 1
653.757 1
653.907 1
654.057 0
654.207 1
654.357 1
654.507 1
654.657 0
654.807 1
654.957 1
655.107 1
655.257 1
655.407 1
655.557 1
655.707 1
655.857 1
656.007 1
656.157 1
656.307 1
656.457 1
656.607 1
656.757 0
656.907 1
657.057 1
657.207 1
657.357 1
657.507 1
657.657 1
657.807 1
657.957 1
658.107 0
658.257 1
658.407 1
658.557 1
658.707 0
658.857 1
659.007 1
659.157 1
659.307 1
659.457 1
659.607 1
659.757 1
659.907 1
660.057 1
660.207 2
660.357 1
660.507 1
660.657 1
660.807 1
660.957 1
661.107 1
661.257 1
661.407 1
661.557 1
661.707 2
661.857 1
662.007 1
662.157 1
662.307 1
662.457 1
662.607 1
662.757 1
662.907 1
663.057 2
663.207 1
663.357 1
663.507 1
663.657 2
663.807 2
663.957 2
664.107 1
664.257 1
664.407 1
664.557 1
664.707 1
664.857 1
665.007 1
665.157 1
665.307 1
665.457 1
665.607 1
665.757 1
665.907 1
666.057 1
666.207 2
666.357 2
666.507 1
666.657 2
666.807 1
666.957 1
667.107 2
667.257 1
667.407 2
667.557 2
667.707 1
667.857 2
668.007 2
668.157 1
668.307 2
668.457 2
668.607 2
668.757 2
668.907 1
669.057 2
669.207 1
669.357 1
669.507 2
669.657 2
669.807 2
669.957 2
670.107 2
670.257 2
670.407 2
670.557 2
670.707 2
670.857 2
671.007 1
671.157 2
671.307 2
671.457 2
671.607 2
671.757 2
671.907 2
672.057 2
672.207 2
672.357 2
672.507 2
672.657 2
672.807 2
672.957 2
673.107 2
673.257 3
673.407 2
673.557 2
673.707 2
673.857 2
674.007 2
674.157 3
674.307 3
674.457 3
674.607 3
674.757 3
674.907 3
675.057 3
675.207 2
675.357 2
675.507 2
675.657 2
675.807 3
675.957 3
676.107 2
676.257 2
676.407 3
676.557 3
676.707 2
676.857 3
677.007 3
677.157 3
677.307 3
677.457 3
677.607 3
677.757 3
677.907 3
678.057 4
678.207 3
678.357 3
678.507 3
678.657 3
678.807 3
678.957 3
679.107 3
679.257 3
679.407 3
679.557 4
679.707 4
679.857 4
680.007 4
680.157 3
680.307 4
680.457 3
680.607 4
680.757 4
680.907 4
681.057 4
681.207 4
681.357 4
681.507 4
681.657 4
681.807 4
681.957 4
682.107 5
682.257 5
682.407 4
682.557 5
682.707 4
682.857 4
683.007 5
683.157 5
683.307 5
683.457 5
683.607 5
683.757 5
683.907 5
684.057 5
684.207 5
684.357 5
684.507 6
684.657 6
684.807 6
684.957 5
685.107 6
685.257 6
685.407 6
685.557 6
685.707 6
685.857 6
686.007 6
686.157 7
686.307 6
686.457 7
686.607 7
686.757 7
686.907 7
687.057 7
687.207 7
687.357 8
687.507 7
687.657 8
687.807 8
687.957 8
688.107 8
688.257 8
688.407 9
688.557 8
688.707 9
688.857 9
689.007 10
689.157 9
689.307 10
689.457 10
689.607 10
689.757 10
689.907 10
690.057 10
690.207 10
690.357 11
690.507 11
690.657 11
690.807 12
690.957 12
691.107 12
691.257 12
691.407 12
691.557 13
691.707 13
691.857 13
692.007 13
692.157 14
692.307 14
692.457 14
692.607 15
692.757 15
692.907 16
693.057 16
693.207 17
693.357 16
693.507 17
693.657 17
693.807 17
693.957 18
694.107 19
694.257 19
694.407 20
694.557 20
694.707 20
694.857 21
695.007 22
695.157 23
695.307 23
695.457 24
695.607 24
695.757 25
695.907 26
696.057 27
696.207 28
696.357 29
696.507 29
696.657 30
696.807 31
696.957 32
697.107 33
697.257 34
697.407 36
697.557 36
697.707 38
697.857 38
698.007 41
698.157 42
698.307 44
698.457 47
698.607 48
698.757 51
698.907 53
699.057 57
699.207 59
699.357 66
699.507 71
699.657 73
699.807 82
699.957 88
700.107 99
700.257 110
700.407 122
700.557 138
700.707 157
700.857 176
701.007 202
701.157 229
701.307 260
701.457 296
701.607 334
701.757 377
701.907 424
702.057 477
702.207 531
702.357 589
702.507 652
702.657 715
702.807 780
702.957 846
703.107 912
703.257 979
703.407 1042
703.557 1106
703.707 1168
703.857 1227
704.007 1283
704.157 1337
704.307 1391
704.457 1442
704.607 1488
704.757 1538
704.907 1583
705.057 1627
705.207 1675
705.357 1719
705.507 1763
705.657 1811
705.807 1863
705.957 1921
706.107 1992
706.257 2080
706.407 2191
706.557 2333
706.707 2518
706.857 2756
707.007 3067
707.157 3465
707.307 3981
707.457 4639
707.607 5480
707.757 6531
707.907 7808
708.057 9297
708.207 10896
708.357 12400
708.507 13500
708.657 13887
708.807 12171
708.957 8454
709.107 4864
709.257 2454
709.407 1155
709.557 533
709.707 245
709.857 118
710.007 59
710.157 33
710.307 18
710.457 10
710.607 7
710.757 4
710.907 3
711.057 3
711.207 1
711.357 2
711.507 1
711.657 0
711.807 0
711.957 2
712.107 0
712.257 0
712.407 0
712.557 0
712.707 0
712.857 1
713.007 0
713.157 0
713.307 0
713.457 0
713.607 0
713.757 0
713.907 0
714.057 0
714.207 0
714.357 0
714.507 0
714.657 0
714.807 0
714.957 0
715.107 0
715.257 0
715.407 0
715.557 0
715.707 0
715.857 0
716.007 0
716.157 0
716.307 0
716.457 0
716.607 0
716.757 0
716.907 0
717.057 0
717.207 0
717.357 0
717.507 0
717.657 0
717.807 0
717.957 0
718.107 0
718.257 0
718.407 0
718.557 0
718.707 0
718.857 0
719.007 0
719.157 0
719.307 0
719.457 0
719.607 0
719.757 0
719.907 0
720.057 0
720.207 0
720.357 0
720.507 0
720.657 0
720.807 0
720.957 0
721.107 0
721.257 0
721.407 0
721.557 0
721.707 0
721.857 0
722.007 0
722.157 0
722.307 0
722.457 0
722.607 0
722.757 0
722.907 0
723.057 0
723.207 0
723.357 0
723.507 0
723.657 0
723.807 0
723.957 0
724.107 0
724.257 0
724.407 0
724.557 0
724.707 0
724.857 0
725.007 0
725.157 0
725.307 0
725.457 0
725.607 0
725.757 0
725.907 0
726.057 0
726.207 0
726.357 0
726.507 0
726.657 0
726.807 0
726.957 0
727.107 0
727.257 0
727.407 0
727.557 0
727.707 0
727.857 0
728.007 0
728.157 0
728.307 0
728.457 0
728.607 0
728.757 0
728.907 0
729.057 0
729.207 0
729.357 0
729.507 0
729.657 0
729.807 0
729.957 0
730.107 0
730.257 0
730.407 0
730.557 0
730.707 0
730.857 0
731.007 0
731.157 0
731.307 0
731.457 0
731.607 0
731.757 0
731.907 0
732.057 0
732.207 0
732.357 0
732.507 0
732.657 0
732.807 0
732.957 0
733.107 0
733.257 0
733.407 0
733.557 0
733.707 0
733.857 0
734.007 0
734.157 0
734.307 0
734.457 0
734.607 0
734.757 0
734.907 0
735.057 0
735.207 0
735.357 0
735.507 0
735.657 0
735.807 0
735.957 0
736.107 0
736.257 0
736.407 0
736.557 0
736.707 0
736.857 0
737.007 0
737.157 0
737.307 0
737.457 0
737.607 0
737.757 0
737.907 0
738.057 0
738.207 0
738.357 0
738.507 0
738.657 0
738.807 0
738.957 0
739.107 0
739.257 0
739.407 0
739.557 0
739.707 0
739.857 0
740.007 0
740.157 0
740.307 0
740.457 0
740.607 0
740.757 0
740.907 0
741.057 0
741.207 0
741.357 0
741.507 0
741.657 0
741.807 0
741.957 0
742.107 0
742.257 0
742.407 0
742.557 0
742.707 0
742.857 0
743.007 0
743.157 0
743.307 0
743.457 0
743.607 0
743.757 0
743.907 0
744.057 0
744.207 0
744.357 0
744.507 0
744.657 0
744.807 0
744.957 0
745.107 0
745.257 0
745.407 0
745.557 0
745.707 0
745.857 0
746.007 0
746.157 0
746.307 0
746.457 0