606.507 0
606.657 0
606.807 0
606.957 0
607.107 0
607.257 0
607.407 0
607.557 0
607.707 0
607.857 0
608.007 0
608.157 0
608.307 0
608.457 0
608.607 0
608.757 0
608.907 0
609.057 0
609.207 0
609.357 0
609.507 0
609.657 0
609.807 0
609.957 0
610.107 0
610.257 0
610.407 0
610.557 0
610.707 0
610.857 0
611.007 0
611.157 0
611.307 0
611.457 0
611.607 0
611.757 0
611.907 0
612.057 0
612.207 0
612.357 0
612.507 0
612.657 0
612.807 0
612.957 0
613.107 0
613.257 0
613.407 0
613.557 0
613.707 0
613.857 0
614.007 0
614.157 0
614.307 0
614.457 0
614.607 0
614.757 0
614.907 0
615.057 0
615.207 0
615.357 0
615.507 0
615.657 0
615.807 0
615.957 0
616.107 0
616.257 0
616.407 0
616.557 0
616.707 0
616.857 0
617.007 0
617.157 0
617.307 0
617.457 0
617.607 0
617.757 0
617.907 0
618.057 0
618.207 0
618.357 0
618.507 0
618.657 0
618.807 0
618.957 0
619.107 0
619.257 0
619.407 0
619.557 0
619.707 0
619.857 0
620.007 0
620.157 0
620.307 0
620.457 0
620.607 0
620.757 0
620.907 0
621.057 0
621.207 0
621.357 0
621.507 0
621.657 0
621.807 0
621.957 0
622.107 0
622.257 0
622.407 0
622.557 0
622.707 0
622.857 0
623.007 0
623.157 0
623.307 0
623.457 0
623.607 0
623.757 0
623.907 0
624.057 0
624.207 0
624.357 0
624.507 0
624.657 0
624.807 0
624.957 0
625.107 0
625.257 0
625.407 0
625.557 0
625.707 0
625.857 0
626.007 0
626.157 0
626.307 0
626.457 0
626.607 0
626.757 0
626.907 0
627.057 0
627.207 0
627.357 0
627.507 0
627.657 0
627.807 0
627.957 0
628.107 0
628.257 0
628.407 0
628.557 0
628.707 0
628.857 0
629.007 0
629.157 0
629.307 0
629.457 0
629.607 0
629.757 0
629.907 0
630.057 0
630.207 0
630.357 0
630.507 0
630.657 0
630.807 0
630.957 0
631.107 0
631.257 0
631.407 0
631.557 0
631.707 0
631.857 0
632.007 0
632.157 0
632.307 0
632.457 0
632.607 0
632.757 0
632.907 0
633.057 0
633.207 0
633.357 0
633.507 0
633.657 0
633.807 0
633.957 0
634.107 0
634.257 0
634.407 0
634.557 0
634.707 0
634.857 0
635.007 0
635.157 0
635.307 0
635.457 0
635.607 0
635.757 0
635.907 0
636.057 0
636.207 0
636.357 0
636.507 0
636.657 0
636.807 0
636.957 0
637.107 0
637.257 0
637.407 0
637.557 0
637.707 0
637.857 0
638.007 0
638.157 0
638.307 0
638.457 0
638.607 0
638.757 0
638.907 0
639.057 0
639.207 0
639.357 0
639.507 0
639.657 0
639.807 0
639.957 0
640.107 0
640.257 0
640.407 0
640.557 0
640.707 0
640.857 0
641.007 0
641.157 0
641.307 0
641.457 0
641.607 0
641.757 0
641.907 0
642.057 0
642.207 0
642.357 0
642.507 0
642.657 0
642.807 0
642.957 0
643.107 0
643.257 0
643.407 0
643.557 0
643.707 0
643.857 0
644.007 0
644.157 0
644.307 0
644.457 0
644.607 0
644.757 0
644.907 0
645.057 0
645.207 0
645.357 0
645.507 0
645.657 0
645.807 0
645.957 0
646.107 0
646.257 0
646.407 0
646.557 0
646.707 0
646.857 0
647.007 0
647.157 0
647.307 0
647.457 0
647.607 0
647.757 0
647.907 0
648.057 0
648.207 0
648.357 0
648.507 0
648.657 0
648.807 0
648.957 0
649.107 0
649.257 0
649.407 0
649.557 0
649.707 0
649.857 0
650.007 0
650.157 0
650.307 0
650.457 0
650.607 0
650.757 0
650.907 0
651.057 0
651.207 0
651.357 0
651.507 0
651.657 0
651.807 0
651.957 0
652.107 0
652.257 0
652.407 0
652.557 0
652.707 0
652.857 0
653.007 0
653.157 0
653.307 0
653.457 0
653.607 0
653.757 0
653.907 0
654.057 0
654.207 0
654.357 0
654.507 0
654.657 0
654.807 0
654.957 0
655.107 0
655.257 0
655.407 0
655.557 0
655.707 0
655.857 0
656.007 0
656.157 0
656.307 0
656.457 0
656.607 0
656.757 0
656.907 0
657.057 0
657.207 0
657.357 0
657.507 0
657.657 0
657.807 0
657.957 0
658.107 0
658.257 0
658.407 0
658.557 0
658.707 0
658.857 0
659.007 0
659.157 0
659.307 0
659.457 0
659.607 0
659.757 0
659.907 0
660.057 0
660.207 0
660.357 0
660.507 0
660.657 0
660.807 0
660.957 0
661.107 0
661.257 0
661.407 0
661.557 0
661.707 0
661.857 0
662.007 0
662.157 0
662.307 0
662.457 0
662.607 0
662.757 0
662.907 0
663.057 0
663.207 0
663.357 0
663.507 0
663.657 0
663.807 0
663.957 0
664.107 0
664.257 0
664.407 0
664.557 0
664.707 0
664.857 0
665.007 0
665.157 0
665.307 0
665.457 0
665.607 0
665.757 0
665.907 0
666.057 0
666.207 0
666.357 0
666.507 0
666.657 0
666.807 0
666.957 0
667.107 0
667.257 0
667.407 0
667.557 0
667.707 0
667.857 0
668.007 0
668.157 0
668.307 0
668.457 0
668.607 0
668.757 0
668.907 0
669.057 0
669.207 0
669.357 0
669.507 0
669.657 0
669.807 0
669.957 0
670.107 0
670.257 0
670.407 0
670.557 0
670.707 0
670.857 0
671.007 0
671.157 0
671.307 0
671.457 0
671.607 0
671.757 0
671.907 0
672.057 0
672.207 0
672.357 0
672.507 0
672.657 0
672.807 0
672.957 0
673.107 0
673.257 0
673.407 0
673.557 0
673.707 0
673.857 0
674.007 0
674.157 0
674.307 0
674.457 0
674.607 0
674.757 0
674.907 0
675.057 0
675.207 0
675.357 0
675.507 0
675.657 0
675.807 0
675.957 0
676.107 0
676.257 0
676.407 0
676.557 0
676.707 0
676.857 0
677.007 0
677.157 0
677.307 0
677.457 0
677.607 0
677.757 0
677.907 0
678.057 0
678.207 0
678.357 0
678.507 0
678.657 0
678.807 0
678.957 0
679.107 0
679.257 0
679.407 0
679.557 0
679.707 0
679.857 0
680.007 0
680.157 0
680.307 0
680.457 0
680.607 0
680.757 0
680.907 0
681.057 0
681.207 0
681.357 0
681.507 0
681.657 0
681.807 0
681.957 0
682.107 0
682.257 0
682.407 0
682.557 0
682.707 0
682.857 0
683.007 0
683.157 0
683.307 0
683.457 0
683.607 0
683.757 0
683.907 0
684.057 0
684.207 0
684.357 0
684.507 0
684.657 0
684.807 0
684.957 0
685.107 0
685.257 0
685.407 0
685.557 0
685.707 0
685.857 0
686.007 0
686.157 0
686.307 0
686.457 0
686.607 0
686.757 0
686.907 0
687.057 0
687.207 0
687.357 0
687.507 0
687.657 0
687.807 0
687.957 0
688.107 0
688.257 0
688.407 0
688.557 0
688.707 0
688.857 0
689.007 0
689.157 0
689.307 0
689.457 0
689.607 0
689.757 0
689.907 0
690.057 0
690.207 0
690.357 0
690.507 0
690.657 0
690.807 0
690.957 0
691.107 0
691.257 0
691.407 0
691.557 0
691.707 0
691.857 0
692.007 0
692.157 0
692.307 0
692.457 0
692.607 0
692.757 0
692.907 0
693.057 0
693.207 1
693.357 0
693.507 0
693.657 0
693.807 1
693.957 1
694.107 2
694.257 3
694.407 3
694.557 4
694.707 5
694.857 7
695.007 9
695.157 12
695.307 15
695.457 19
695.607 23
695.757 29
695.907 36
696.057 44
696.207 54
696.357 66
696.507 79
696.657 96
696.807 115
696.957 137
697.107 163
697.257 192
697.407 224
697.557 261
697.707 301
697.857 345
698.007 393
698.157 445
698.307 500
698.457 558
698.607 617
698.757 678
698.907 739
699.057 798
699.207 855
699.357 910
699.507 957
699.657 997
699.807 1032
699.957 1056
700.107 1074
700.257 1079
700.407 1075
700.557 1062
700.707 1041
700.857 1011
701.007 978
701.157 939
701.307 897
701.457 855
701.607 814
701.757 778
701.907 749
702.057 729
702.207 717
702.357 721
702.507 739
702.657 769
702.807 817
702.957 882
703.107 959
703.257 1051
703.407 1150
703.557 1258
703.707 1369
703.857 1476
704.007 1579
704.157 1671
704.307 1752
704.457 1824
704.607 1883
704.757 1944
704.907 2002
705.057 2067
705.207 2150
705.357 2251
705.507 2373
705.657 2519
705.807 2682
705.957 2853
706.107 3023
706.257 3173
706.407 3287
706.557 3354
706.707 3361
706.857 3299
707.007 3174
707.157 2984
707.307 2747
707.457 2471
707.607 2180
707.757 1884
707.907 1594
708.057 1326
708.207 1081
708.357 867
708.507 683
708.657 529
708.807 404
708.957 304
709.107 225
709.257 165
709.407 117
709.557 83
709.707 58
709.857 40
710.007 27
710.157 19
710.307 12
710.457 8
710.607 5
710.757 3
710.907 2
711.057 1
711.207 1
711.357 1
711.507 0
711.657 0
711.807 0
711.957 1
712.107 0
712.257 0
712.407 0
712.557 0
712.707 0
712.857 0
713.007 0
713.157 0
713.307 0
713.457 0
713.607 0
713.757 0
713.907 0
714.057 0
714.207 0
714.357 0
714.507 0
714.657 0
714.807 0
714.957 0
715.107 0
715.257 0
715.407 0
715.557 0
715.707 0
715.857 0
716.007 0
716.157 0
716.307 0
716.457 0
716.607 0
716.757 0
716.907 0
717.057 0
717.207 0
717.357 0
717.507 0
717.657 0
717.807 0
717.957 0
718.107 0
718.257 0
718.407 0
718.557 0
718.707 0
718.857 0
719.007 0
719.157 0
719.307 0
719.457 0
719.607 0
719.757 0
719.907 0
720.057 0
720.207 0
720.357 0
720.507 0
720.657 0
720.807 0
720.957 0
721.107 0
721.257 0
721.407 0
721.557 0
721.707 0
721.857 0
722.007 0
722.157 0
722.307 0
722.457 0
722.607 0
722.757 0
722.907 0
723.057 0
723.207 0
723.357 0
723.507 0
723.657 0
723.807 0
723.957 0
724.107 0
724.257 0
724.407 0
724.557 0
724.707 0
724.857 0
725.007 0
725.157 0
725.307 0
725.457 0
725.607 0
725.757 0
725.907 0
726.057 0
726.207 0
726.357 0
726.507 0
726.657 0
726.807 0
726.957 0
727.107 0
727.257 0
727.407 0
727.557 0
727.707 0
727.857 0
728.007 0
728.157 0
728.307 0
728.457 0
728.607 0
728.757 0
728.907 0
729.057 0
729.207 0
729.357 0
729.507 0
729.657 0
729.807 0
729.957 0
730.107 0
730.257 0
730.407 0
730.557 0
730.707 0
730.857 0
731.007 0
731.157 0
731.307 0
731.457 0
731.607 0
731.757 0
731.907 0
732.057 0
732.207 0
732.357 0
732.507 0
732.657 0
732.807 0
732.957 0
733.107 0
733.257 0
733.407 0
733.557 0
733.707 0
733.857 0
734.007 0
734.157 0
734.307 0
734.457 0
734.607 0
734.757 0
734.907 0
735.057 0
735.207 0
735.357 0
735.507 0
735.657 0
735.807 0
735.957 0
736.107 0
736.257 0
736.407 0
736.557 0
736.707 0
736.857 0
737.007 0
737.157 0
737.307 0
737.457 0
737.607 0
737.757 0
737.907 0
738.057 0
738.207 0
738.357 0
738.507 0
738.657 0
738.807 0
738.957 0
739.107 0
739.257 0
739.407 0
739.557 0
739.707 0
739.857 0
740.007 0
740.157 0
740.307 0
740.457 0
740.607 0
740.757 0
740.907 0
741.057 0
741.207 0
741.357 0
741.507 0
741.657 0
741.807 0
741.957 0
742.107 0
742.257 0
742.407 0
742.557 0
742.707 0
742.857 0
743.007 0
743.157 0
743.307 0
743.457 0
743.607 0
743.757 0
743.907 0
744.057 0
744.207 0
744.357 0
744.507 0
744.657 0
744.807 0
744.957 0
745.107 0
745.257 0
745.407 0
745.557 0
745.707 0
745.857 0
746.007 0
746.157 0
746.307 0
746.457 0