156.6 0
156.75 0
156.9 0
157.05 0
157.2 0
157.35 0
157.5 0
157.65 0
157.8 0
157.95 0
158.1 0
158.25 0
158.4 0
158.55 0
158.7 0
158.85 0
159 0
159.15 0
159.3 0
159.45 0
159.6 0
159.75 0
159.9 0
160.05 0
160.2 0
160.35 0
160.5 0
160.65 0
160.8 0
160.95 0
161.1 0
161.25 0
161.4 0
161.55 0
161.7 0
161.85 0
162 0
162.15 0
162.3 0
162.45 0
162.6 0
162.75 0
162.9 0
163.05 0
163.2 0
163.35 0
163.5 0
163.65 0
163.8 0
163.95 0
164.1 0
164.25 0
164.4 0
164.55 0
164.7 0
164.85 0
165 0
165.15 0
165.3 0
165.45 0
165.6 0
165.75 0
165.9 0
166.05 0
166.2 0
166.35 0
166.5 0
166.65 0
166.8 0
166.95 0
167.1 0
167.25 0
167.4 0
167.55 0
167.7 0
167.85 0
168 0
168.15 0
168.3 0
168.45 0
168.6 0
168.75 0
168.9 0
169.05 0
169.2 0
169.35 0
169.5 0
169.65 0
169.8 0
169.95 0
170.1 0
170.25 0
170.4 0
170.55 0
170.7 0
170.85 0
171 0
171.15 0
171.3 0
171.45 0
171.6 0
171.75 0
171.9 0
172.05 0
172.2 0
172.35 0
172.5 0
172.65 0
172.8 0
172.95 0
173.1 0
173.25 0
173.4 0
173.55 0
173.7 0
173.85 0
174 0
174.15 0
174.3 0
174.45 0
174.6 0
174.75 0
174.9 0
175.05 0
175.2 0
175.35 0
175.5 0
175.65 0
175.8 0
175.95 0
176.1 0
176.25 0
176.4 0
176.55 0
176.7 0
176.85 0
177 0
177.15 0
177.3 0
177.45 1
177.6 1
177.75 1
177.9 2
178.05 3
178.2 5
178.35 8
178.5 14
178.65 24
178.8 40
178.95 68
179.1 111
179.25 180
179.4 286
179.55 446
179.7 686
179.85 1032
180 1525
180.15 2212
180.3 3152
180.45 4410
180.6 6048
180.75 8130
180.9 10703
181.05 13795
181.2 17399
181.35 21435
181.5 25762
181.65 30173
181.8 34396
181.95 38110
182.1 40985
182.25 42756
182.4 43247
182.55 42406
182.7 40318
182.85 37175
183 33292
183.15 28990
183.3 24577
183.45 20309
183.6 16380
183.75 12915
183.9 9962
184.05 7522
184.2 5564
184.35 4033
184.5 2871
184.65 2007
184.8 1376
184.95 926
185.1 612
185.25 397
185.4 253
185.55 159
185.7 98
185.85 59
186 35
186.15 20
186.3 12
186.45 6
186.6 3
186.75 2
186.9 1
187.05 0
187.2 0
187.35 0
187.5 0
187.65 0
187.8 0
187.95 0
188.1 0
188.25 0
188.4 0
188.55 0
188.7 0
188.85 0
189 0
189.15 0
189.3 0
189.45 0
189.6 0
189.75 0
189.9 0
190.05 0
190.2 0
190.35 0
190.5 0
190.65 0
190.8 0
190.95 0
191.1 0
191.25 0
191.4 0
191.55 0
191.7 0
191.85 0
192 0
192.15 0
192.3 0
192.45 0
192.6 0
192.75 0
192.9 0
193.05 0
193.2 0
193.35 0
193.5 0
193.65 0
193.8 0
193.95 0
194.1 0
194.25 0
194.4 0
194.55 0
194.7 0
194.85 0
195 0
195.15 0
195.3 0
195.45 0
195.6 0
195.75 0
195.9 0
196.05 0
196.2 0
196.35 0
196.5 0
196.65 0
196.8 0
196.95 0
197.1 0
197.25 0
197.4 0
197.55 0
197.7 0
197.85 0
198 0
198.15 0
198.3 0
198.45 0
198.6 0
198.75 0
198.9 0
199.05 0
199.2 0
199.35 0
199.5 0
199.65 0
199.8 0
199.95 0
200.1 0
200.25 0
200.4 0
200.55 0
200.7 0
200.85 0
201 0
201.15 0
201.3 0
201.45 0
201.6 0
201.75 0
201.9 0
202.05 0
202.2 0
202.35 0
202.5 0
202.65 0
202.8 0
202.95 0
203.1 0
203.25 0
203.4 0
203.55 0
203.7 0
203.85 0
204 0
204.15 0
204.3 0
204.45 0
204.6 0
204.75 0
204.9 0
205.05 0
205.2 0
205.35 0
205.5 0
205.65 0
205.8 0
205.95 0
206.1 0
206.25 0
206.4 0
206.55 0