1296.6 0
1296.75 0
1296.9 0
1297.05 0
1297.2 0
1297.35 0
1297.5 0
1297.65 0
1297.8 0
1297.95 0
1298.1 0
1298.25 0
1298.4 0
1298.55 0
1298.7 0
1298.85 0
1299 0
1299.15 0
1299.3 0
1299.45 0
1299.6 0
1299.75 0
1299.9 0
1300.05 0
1300.2 0
1300.35 0
1300.5 0
1300.65 0
1300.8 0
1300.95 0
1301.1 0
1301.25 0
1301.4 0
1301.55 0
1301.7 0
1301.85 0
1302 0
1302.15 0
1302.3 0
1302.45 0
1302.6 0
1302.75 0
1302.9 0
1303.05 0
1303.2 0
1303.35 0
1303.5 0
1303.65 0
1303.8 0
1303.95 0
1304.1 0
1304.25 0
1304.4 0
1304.55 0
1304.7 0
1304.85 0
1305 0
1305.15 0
1305.3 0
1305.45 0
1305.6 0
1305.75 0
1305.9 0
1306.05 0
1306.2 0
1306.35 0
1306.5 0
1306.65 0
1306.8 0
1306.95 0
1307.1 0
1307.25 0
1307.4 0
1307.55 0
1307.7 0
1307.85 0
1308 0
1308.15 0
1308.3 0
1308.45 0
1308.6 0
1308.75 0
1308.9 0
1309.05 0
1309.2 0
1309.35 0
1309.5 0
1309.65 0
1309.8 0
1309.95 0
1310.1 0
1310.25 0
1310.4 0
1310.55 0
1310.7 0
1310.85 0
1311 0
1311.15 0
1311.3 0
1311.45 0
1311.6 0
1311.75 0
1311.9 0
1312.05 0
1312.2 0
1312.35 0
1312.5 0
1312.65 0
1312.8 0
1312.95 0
1313.1 0
1313.25 0
1313.4 0
1313.55 0
1313.7 0
1313.85 0
1314 0
1314.15 0
1314.3 0
1314.45 0
1314.6 0
1314.75 0
1314.9 0
1315.05 0
1315.2 0
1315.35 0
1315.5 0
1315.65 0
1315.8 0
1315.95 0
1316.1 0
1316.25 0
1316.4 0
1316.55 0
1316.7 0
1316.85 0
1317 0
1317.15 0
1317.3 0
1317.45 0
1317.6 0
1317.75 0
1317.9 0
1318.05 0
1318.2 0
1318.35 0
1318.5 0
1318.65 0
1318.8 0
1318.95 0
1319.1 0
1319.25 0
1319.4 0
1319.55 0
1319.7 0
1319.85 0
1320 0
1320.15 0
1320.3 0
1320.45 0
1320.6 0
1320.75 0
1320.9 0
1321.05 0
1321.2 0
1321.35 0
1321.5 0
1321.65 0
1321.8 0
1321.95 0
1322.1 0
1322.25 0
1322.4 0
1322.55 0
1322.7 0
1322.85 0
1323 0
1323.15 0
1323.3 0
1323.45 0
1323.6 0
1323.75 0
1323.9 0
1324.05 0
1324.2 0
1324.35 0
1324.5 0
1324.65 0
1324.8 0
1324.95 0
1325.1 0
1325.25 0
1325.4 0
1325.55 0
1325.7 0
1325.85 0
1326 0
1326.15 0
1326.3 0
1326.45 0
1326.6 0
1326.75 0
1326.9 0
1327.05 0
1327.2 0
1327.35 0
1327.5 0
1327.65 0
1327.8 0
1327.95 0
1328.1 0
1328.25 0
1328.4 0
1328.55 0
1328.7 0
1328.85 0
1329 0
1329.15 0
1329.3 0
1329.45 0
1329.6 0
1329.75 0
1329.9 0
1330.05 0
1330.2 0
1330.35 0
1330.5 0
1330.65 0
1330.8 0
1330.95 0
1331.1 0
1331.25 0
1331.4 0
1331.55 0
1331.7 0
1331.85 0
1332 0
1332.15 0
1332.3 0
1332.45 0
1332.6 0
1332.75 0
1332.9 0
1333.05 0
1333.2 0
1333.35 0
1333.5 0
1333.65 0
1333.8 0
1333.95 0
1334.1 0
1334.25 0
1334.4 0
1334.55 0
1334.7 0
1334.85 0
1335 0
1335.15 0
1335.3 0
1335.45 0
1335.6 0
1335.75 0
1335.9 0
1336.05 0
1336.2 0
1336.35 0
1336.5 0
1336.65 0
1336.8 0
1336.95 0
1337.1 0
1337.25 0
1337.4 0
1337.55 0
1337.7 0
1337.85 0
1338 0
1338.15 0
1338.3 0
1338.45 0
1338.6 0
1338.75 0
1338.9 0
1339.05 0
1339.2 0
1339.35 0
1339.5 0
1339.65 0
1339.8 0
1339.95 0
1340.1 0
1340.25 0
1340.4 0
1340.55 0
1340.7 0
1340.85 0
1341 0
1341.15 0
1341.3 0
1341.45 0
1341.6 0
1341.75 0
1341.9 0
1342.05 0
1342.2 0
1342.35 0
1342.5 0
1342.65 0
1342.8 0
1342.95 0
1343.1 0
1343.25 0
1343.4 0
1343.55 0
1343.7 0
1343.85 0
1344 0
1344.15 0
1344.3 0
1344.45 0
1344.6 0
1344.75 0
1344.9 0
1345.05 0
1345.2 0
1345.35 0
1345.5 0
1345.65 0
1345.8 0
1345.95 0
1346.1 0
1346.25 0
1346.4 0
1346.55 0
1346.7 0
1346.85 0
1347 0
1347.15 0
1347.3 0
1347.45 0
1347.6 0
1347.75 0
1347.9 0
1348.05 0
1348.2 0
1348.35 0
1348.5 0
1348.65 0
1348.8 0
1348.95 0
1349.1 0
1349.25 0
1349.4 0
1349.55 0
1349.7 0
1349.85 0
1350 0
1350.15 0
1350.3 0
1350.45 0
1350.6 0
1350.75 0
1350.9 0
1351.05 0
1351.2 0
1351.35 0
1351.5 0
1351.65 0
1351.8 0
1351.95 0
1352.1 0
1352.25 0
1352.4 0
1352.55 0
1352.7 0
1352.85 0
1353 0
1353.15 0
1353.3 0
1353.45 0
1353.6 0
1353.75 0
1353.9 0
1354.05 0
1354.2 0
1354.35 0
1354.5 0
1354.65 0
1354.8 0
1354.95 0
1355.1 0
1355.25 0
1355.4 0
1355.55 0
1355.7 0
1355.85 0
1356 0
1356.15 0
1356.3 0
1356.45 0
1356.6 0
1356.75 0
1356.9 0
1357.05 0
1357.2 0
1357.35 0
1357.5 0
1357.65 0
1357.8 0
1357.95 0
1358.1 0
1358.25 0
1358.4 0
1358.55 0
1358.7 0
1358.85 0
1359 0
1359.15 0
1359.3 0
1359.45 0
1359.6 0
1359.75 0
1359.9 0
1360.05 0
1360.2 0
1360.35 0
1360.5 0
1360.65 0
1360.8 0
1360.95 0
1361.1 0
1361.25 0
1361.4 0
1361.55 0
1361.7 0
1361.85 0
1362 0
1362.15 0
1362.3 0
1362.45 0
1362.6 0
1362.75 0
1362.9 0
1363.05 0
1363.2 0
1363.35 0
1363.5 0
1363.65 0
1363.8 0
1363.95 0
1364.1 0
1364.25 0
1364.4 0
1364.55 0
1364.7 0
1364.85 0
1365 0
1365.15 0
1365.3 0
1365.45 0
1365.6 0
1365.75 0
1365.9 0
1366.05 0
1366.2 0
1366.35 0
1366.5 0
1366.65 0
1366.8 0
1366.95 0
1367.1 0
1367.25 0
1367.4 0
1367.55 0
1367.7 0
1367.85 0
1368 0
1368.15 0
1368.3 0
1368.45 0
1368.6 0
1368.75 0
1368.9 0
1369.05 0
1369.2 0
1369.35 0
1369.5 0
1369.65 0
1369.8 0
1369.95 0
1370.1 0
1370.25 0
1370.4 0
1370.55 0
1370.7 0
1370.85 0
1371 0
1371.15 0
1371.3 0
1371.45 0
1371.6 0
1371.75 0
1371.9 0
1372.05 0
1372.2 0
1372.35 0
1372.5 0
1372.65 0
1372.8 0
1372.95 0
1373.1 0
1373.25 0
1373.4 0
1373.55 0
1373.7 0
1373.85 0
1374 0
1374.15 0
1374.3 0
1374.45 0
1374.6 0
1374.75 0
1374.9 0
1375.05 0
1375.2 0
1375.35 0
1375.5 0
1375.65 0
1375.8 0
1375.95 0
1376.1 0
1376.25 0
1376.4 0
1376.55 0
1376.7 0
1376.85 0
1377 0
1377.15 0
1377.3 0
1377.45 0
1377.6 0
1377.75 0
1377.9 0
1378.05 0
1378.2 0
1378.35 0
1378.5 0
1378.65 0
1378.8 0
1378.95 0
1379.1 0
1379.25 0
1379.4 0
1379.55 0
1379.7 0
1379.85 0
1380 0
1380.15 0
1380.3 0
1380.45 0
1380.6 0
1380.75 0
1380.9 0
1381.05 0
1381.2 0
1381.35 0
1381.5 0
1381.65 0
1381.8 0
1381.95 0
1382.1 0
1382.25 0
1382.4 0
1382.55 0
1382.7 0
1382.85 0
1383 0
1383.15 0
1383.3 0
1383.45 0
1383.6 0
1383.75 0
1383.9 0
1384.05 0
1384.2 0
1384.35 0
1384.5 0
1384.65 0
1384.8 0
1384.95 0
1385.1 0
1385.25 0
1385.4 0
1385.55 0
1385.7 0
1385.85 0
1386 0
1386.15 0
1386.3 0
1386.45 0
1386.6 0
1386.75 0
1386.9 0
1387.05 0
1387.2 0
1387.35 0
1387.5 0
1387.65 0
1387.8 0
1387.95 0
1388.1 0
1388.25 0
1388.4 0
1388.55 0
1388.7 0
1388.85 0
1389 0
1389.15 0
1389.3 0
1389.45 0
1389.6 0
1389.75 0
1389.9 0
1390.05 0
1390.2 0
1390.35 0
1390.5 0
1390.65 0
1390.8 0
1390.95 0
1391.1 0
1391.25 0.100000000005821
1391.4 0
1391.55 0.100000000005821
1391.7 0.099999999998545
1391.85 0.299999999995634
1392 0.5
1392.15 0.799999999995634
1392.3 1.30000000000291
1392.45 2.09999999999854
1392.6 3.40000000000146
1392.75 5.30000000000291
1392.9 8.20000000000437
1393.05 12.5999999999985
1393.2 19.1999999999971
1393.35 28.7999999999956
1393.5 42.8999999999942
1393.65 63.5
1393.8 92.7999999999956
1393.95 134.199999999997
1394.1 191.900000000001
1394.25 271.5
1394.4 380
1394.55 527.199999999997
1394.7 724.099999999999
1394.85 983.5
1395 1321.2
1395.15 1755.3
1395.3 2306.5
1395.45 2998.1
1395.6 3858.7
1395.75 4908.5
1395.9 6170.5
1396.05 7664.2
1396.2 9403.4
1396.35 11393.2
1396.5 13631.9
1396.65 16093.3
1396.8 18733.5
1396.95 21491.9
1397.1 24287.8
1397.25 27022.2
1397.4 29581.7
1397.55 31836.2
1397.7 33675.3
1397.85 34997.7
1398 35726.8
1398.15 35818.7
1398.3 35267.2
1398.45 34093.9
1398.6 32375.1
1398.75 30215.5
1398.9 27728.2
1399.05 25032.3
1399.2 22242.7
1399.35 19463.5
1399.5 16786.1
1399.65 14275.2
1399.8 11976.1
1399.95 9916
1400.1 8105.7
1400.25 6543.5
1400.4 5222.2
1400.55 4121.3
1400.7 3215.3
1400.85 2480.1
1401 1891.4
1401.15 1426.3
1401.3 1063.6
1401.45 786.400000000001
1401.6 575.200000000001
1401.75 416.200000000001
1401.9 297.899999999998
1402.05 210.799999999999
1402.2 147.599999999999
1402.35 102.400000000001
1402.5 70.4000000000015
1402.65 47.7999999999993
1402.8 32.2000000000007
1402.95 21.4000000000015
1403.1 14.0999999999985
1403.25 9.20000000000073
1403.4 5.90000000000146
1403.55 3.70000000000073
1403.7 2.40000000000146
1403.85 1.5
1404 0.899999999997817
1404.15 0.599999999998545
1404.3 0.299999999999272
1404.45 0.19999999999709
1404.6 0.100000000002183
1404.75 0
1404.9 0
1405.05 0.099999999998545
1405.2 0
1405.35 0
1405.5 0
1405.65 0
1405.8 0
1405.95 0
1406.1 0
1406.25 0
1406.4 0
1406.55 0
1406.7 0
1406.85 0
1407 0
1407.15 0
1407.3 0
1407.45 0
1407.6 0
1407.75 0
1407.9 0
1408.05 0
1408.2 0
1408.35 0
1408.5 0
1408.65 0
1408.8 0
1408.95 0
1409.1 0
1409.25 0
1409.4 0
1409.55 0
1409.7 0
1409.85 0
1410 0
1410.15 0
1410.3 0
1410.45 0
1410.6 0
1410.75 0
1410.9 0
1411.05 0
1411.2 0
1411.35 0
1411.5 0
1411.65 0
1411.8 0
1411.95 0
1412.1 0
1412.25 0
1412.4 0
1412.55 0
1412.7 0
1412.85 0
1413 0
1413.15 0
1413.3 0
1413.45 0
1413.6 0
1413.75 0
1413.9 0
1414.05 0
1414.2 0
1414.35 0
1414.5 0
1414.65 0
1414.8 0
1414.95 0
1415.1 0
1415.25 0
1415.4 0
1415.55 0
1415.7 0
1415.85 0
1416 0
1416.15 0
1416.3 0
1416.45 0
1416.6 0
1416.75 0
1416.9 0
1417.05 0
1417.2 0
1417.35 0
1417.5 0
1417.65 0
1417.8 0
1417.95 0
1418.1 0
1418.25 0
1418.4 0
1418.55 0
1418.7 0
1418.85 0
1419 0
1419.15 0
1419.3 0
1419.45 0
1419.6 0
1419.75 0
1419.9 0
1420.05 0
1420.2 0
1420.35 0
1420.5 0
1420.65 0
1420.8 0
1420.95 0
1421.1 0
1421.25 0
1421.4 0
1421.55 0
1421.7 0
1421.85 0
1422 0
1422.15 0
1422.3 0
1422.45 0
1422.6 0
1422.75 0
1422.9 0
1423.05 0
1423.2 0
1423.35 0
1423.5 0
1423.65 0
1423.8 0
1423.95 0
1424.1 0
1424.25 0
1424.4 0
1424.55 0
1424.7 0
1424.85 0
1425 0
1425.15 0
1425.3 0
1425.45 0
1425.6 0
1425.75 0
1425.9 0
1426.05 0
1426.2 0
1426.35 0
1426.5 0
1426.65 0
1426.8 0
1426.95 0
1427.1 0
1427.25 0
1427.4 0
1427.55 0
1427.7 0
1427.85 0
1428 0
1428.15 0
1428.3 0
1428.45 0
1428.6 0
1428.75 0
1428.9 0
1429.05 0
1429.2 0
1429.35 0
1429.5 0
1429.65 0
1429.8 0
1429.95 0
1430.1 0
1430.25 0
1430.4 0
1430.55 0
1430.7 0
1430.85 0
1431 0
1431.15 0
1431.3 0
1431.45 0
1431.6 0
1431.75 0
1431.9 0
1432.05 0
1432.2 0
1432.35 0
1432.5 0
1432.65 0
1432.8 0
1432.95 0
1433.1 0
1433.25 0
1433.4 0
1433.55 0
1433.7 0
1433.85 0
1434 0
1434.15 0
1434.3 0
1434.45 0
1434.6 0
1434.75 0
1434.9 0
1435.05 0
1435.2 0
1435.35 0
1435.5 0
1435.65 0
1435.8 0
1435.95 0
1436.1 0
1436.25 0
1436.4 0
1436.55 0
1436.7 0
1436.85 0
1437 0
1437.15 0
1437.3 0
1437.45 0
1437.6 0
1437.75 0
1437.9 0
1438.05 0
1438.2 0
1438.35 0
1438.5 0
1438.65 0
1438.8 0
1438.95 0
1439.1 0
1439.25 0
1439.4 0
1439.55 0
1439.7 0
1439.85 0
1440 0
1440.15 0
1440.3 0
1440.45 0
1440.6 0
1440.75 0
1440.9 0
1441.05 0
1441.2 0
1441.35 0
1441.5 0
1441.65 0
1441.8 0
1441.95 0
1442.1 0
1442.25 0
1442.4 0
1442.55 0
1442.7 0
1442.85 0
1443 0
1443.15 0
1443.3 0
1443.45 0
1443.6 0
1443.75 0
1443.9 0
1444.05 0
1444.2 0
1444.35 0
1444.5 0
1444.65 0
1444.8 0
1444.95 0
1445.1 0
1445.25 0
1445.4 0
1445.55 0
1445.7 0
1445.85 0
1446 0
1446.15 0
1446.3 0
1446.45 0
1446.6 0