886.6 0
886.75 0
886.9 0
887.05 0
887.2 0
887.35 0
887.5 0
887.65 0
887.8 0
887.95 0
888.1 0
888.25 0
888.4 0
888.55 0
888.7 0
888.85 0
889 0
889.15 0
889.3 0
889.45 0
889.6 0
889.75 0
889.9 0
890.05 0
890.2 0
890.35 0
890.5 0
890.65 0
890.8 0
890.95 0
891.1 0
891.25 0
891.4 0
891.55 0
891.7 0
891.85 0
892 0
892.15 0
892.3 0
892.45 0
892.6 0
892.75 0
892.9 0
893.05 0
893.2 0
893.35 0
893.5 0
893.65 0
893.8 0
893.95 0
894.1 0
894.25 0
894.4 0
894.55 0
894.7 0
894.85 0
895 0
895.15 0
895.3 0
895.45 0
895.6 0
895.75 0
895.9 0
896.05 0
896.2 0
896.35 0
896.5 0
896.65 0
896.8 0
896.95 0
897.1 0
897.25 0
897.4 0
897.55 0
897.7 0
897.85 0
898 0
898.15 0
898.3 0
898.45 0
898.6 0
898.75 0
898.9 0
899.05 0
899.2 0
899.35 0
899.5 0
899.65 0
899.8 0
899.95 0
900.1 0
900.25 0
900.4 0
900.55 0
900.7 0
900.85 0
901 0
901.15 0
901.3 0
901.45 0
901.6 0
901.75 0
901.9 0
902.05 0
902.2 0
902.35 0
902.5 0
902.65 0
902.8 0
902.95 0
903.1 0
903.25 0
903.4 0
903.55 0
903.7 0
903.85 0
904 0
904.15 0
904.3 0
904.45 0
904.6 0
904.75 0
904.9 0
905.05 0
905.2 0
905.35 0
905.5 0
905.65 0
905.8 0
905.95 0
906.1 0
906.25 0
906.4 0
906.55 0
906.7 0
906.85 0
907 0
907.15 0
907.3 0
907.45 0
907.6 0
907.75 0
907.9 0
908.05 0
908.2 0
908.35 0
908.5 0
908.65 0
908.8 0
908.95 0
909.1 0
909.25 0
909.4 0
909.55 0
909.7 0
909.85 0
910 0
910.15 0
910.3 0
910.45 0
910.6 0
910.75 0
910.9 0
911.05 0
911.2 0
911.35 0
911.5 0
911.65 0
911.8 0
911.95 0
912.1 0
912.25 0
912.4 0
912.55 0
912.7 0
912.85 0
913 0
913.15 0
913.3 0
913.45 0
913.6 0
913.75 0
913.9 0
914.05 0
914.2 0
914.35 0
914.5 0
914.65 0
914.8 0
914.95 0
915.1 0
915.25 0
915.4 0
915.55 0
915.7 0
915.85 0
916 0
916.15 0
916.3 0
916.45 0
916.6 0
916.75 0
916.9 0
917.05 0
917.2 0
917.35 0
917.5 0
917.65 0
917.8 0
917.95 0
918.1 0
918.25 0
918.4 0
918.55 0
918.7 0
918.85 0
919 0
919.15 0
919.3 0
919.45 0
919.6 0
919.75 0
919.9 0
920.05 0
920.2 0
920.35 0
920.5 0
920.65 0
920.8 0
920.95 0
921.1 0
921.25 0
921.4 0
921.55 0
921.7 0
921.85 0
922 0
922.15 0
922.3 0
922.45 0
922.6 0
922.75 0
922.9 0
923.05 0
923.2 0
923.35 0
923.5 0
923.65 0
923.8 0
923.95 0
924.1 0
924.25 0
924.4 0
924.55 0
924.7 0
924.85 0
925 0
925.15 0
925.3 0
925.45 0
925.6 0
925.75 0
925.9 0
926.05 0
926.2 0
926.35 0
926.5 0
926.65 0
926.8 0
926.95 0
927.1 0
927.25 0
927.4 0
927.55 0
927.7 0
927.85 0
928 0
928.15 0
928.3 0
928.45 0
928.6 0
928.75 0
928.9 0
929.05 0
929.2 0
929.35 0
929.5 0
929.65 0
929.8 0
929.95 0
930.1 0
930.25 0
930.4 0
930.55 0
930.7 0
930.85 0
931 0
931.15 0
931.3 0
931.45 0
931.6 0
931.75 0
931.9 0
932.05 0
932.2 0
932.35 0
932.5 0
932.65 0
932.8 0
932.95 0
933.1 0
933.25 0
933.4 0
933.55 0
933.7 0
933.85 0
934 0
934.15 0
934.3 0
934.45 0
934.6 0
934.75 0
934.9 0
935.05 0
935.2 0
935.35 0
935.5 0
935.65 0
935.8 0
935.95 0
936.1 0
936.25 0
936.4 0
936.55 0
936.7 0
936.85 0
937 0
937.15 0
937.3 0
937.45 0
937.6 0
937.75 0
937.9 0
938.05 0
938.2 0
938.35 0
938.5 0
938.65 0
938.8 0
938.95 0
939.1 0
939.25 0
939.4 0
939.55 0
939.7 0
939.85 0
940 0
940.15 0
940.3 0
940.45 0
940.6 0
940.75 0
940.9 0
941.05 0
941.2 0
941.35 0
941.5 0
941.65 0
941.8 0
941.95 0
942.1 0
942.25 0
942.4 0
942.55 0
942.7 0
942.85 0
943 0
943.15 0
943.3 0
943.45 0
943.6 0
943.75 0
943.9 0
944.05 0
944.2 0
944.35 0
944.5 0
944.65 0
944.8 0
944.95 0
945.1 0
945.25 0
945.4 0
945.55 0
945.7 0
945.85 0
946 0
946.15 0
946.3 0
946.45 0
946.6 0
946.75 0
946.9 0
947.05 0
947.2 0
947.35 0
947.5 0
947.65 0
947.8 0
947.95 0
948.1 0
948.25 0
948.4 0
948.55 0
948.7 0
948.85 0
949 0
949.15 1
949.3 1
949.45 1
949.6 3
949.75 4
949.9 8
950.05 14
950.2 23
950.35 38
950.5 62
950.65 99
950.8 158
950.95 246
951.1 379
951.25 574
951.4 857
951.55 1263
951.7 1829
951.85 2618
952 3679
952.15 5112
952.3 6976
952.45 9389
952.6 12421
952.75 16175
952.9 20711
953.05 26053
953.2 32197
953.35 39029
953.5 46400
953.65 54025
953.8 61549
953.95 68561
954.1 74575
954.25 79175
954.4 81982
954.55 82755
954.7 81458
954.85 78145
955 73168
955.15 66829
955.3 59656
955.45 52061
955.6 44472
955.75 37221
955.9 30548
956.05 24605
956.2 19472
956.35 15134
956.5 11582
956.65 8704
956.8 6455
956.95 4702
957.1 3381
957.25 2391
957.4 1667
957.55 1145
957.7 774
957.85 517
958 339
958.15 221
958.3 140
958.45 89
958.6 55
958.75 34
958.9 20
959.05 12
959.2 7
959.35 4
959.5 2
959.65 2
959.8 0
959.95 1
960.1 0
960.25 0
960.4 0
960.55 0
960.7 0
960.85 0
961 0
961.15 0
961.3 0
961.45 0
961.6 0
961.75 0
961.9 0
962.05 0
962.2 0
962.35 0
962.5 0
962.65 0
962.8 0
962.95 0
963.1 0
963.25 0
963.4 0
963.55 0
963.7 0
963.85 0
964 0
964.15 0
964.3 0
964.45 0
964.6 0
964.75 0
964.9 0
965.05 0
965.2 0
965.35 0
965.5 0
965.65 0
965.8 0
965.95 0
966.1 0
966.25 0
966.4 0
966.55 0
966.7 0
966.85 0
967 0
967.15 0
967.3 0
967.45 0
967.6 0
967.75 0
967.9 0
968.05 0
968.2 0
968.35 0
968.5 0
968.65 0
968.8 0
968.95 0
969.1 0
969.25 0
969.4 0
969.55 0
969.7 0
969.85 0
970 0
970.15 0
970.3 0
970.45 0
970.6 0
970.75 0
970.9 0
971.05 0
971.2 0
971.35 0
971.5 0
971.65 0
971.8 0
971.95 0
972.1 0
972.25 0
972.4 0
972.55 0
972.7 0
972.85 0
973 0
973.15 0
973.3 0
973.45 0
973.6 0
973.75 0
973.9 0
974.05 0
974.2 0
974.35 0
974.5 0
974.65 0
974.8 0
974.95 0
975.1 0
975.25 0
975.4 0
975.55 0
975.7 0
975.85 0
976 0
976.15 0
976.3 0
976.45 0
976.6 0